200;1;
200;200;175;150;100;
100;100;100;100;100;
0;50;75;100;200;
0;0;-3;-4;-5;
3;3;3;3;3;
100;
100;;;;;
100;;;;;
0;;;;;
200;;3;
1;;
1;
500;50;50;200;
2;1;1;2;0;1;
NACA0006;- no foil -;- no foil -;
5;0.2;
3;;;
500;;
1;3;1200;
2;2;15;1;
2;7;5;
1;;;1;
;;;5;3;;;;;;
;;;;;;;;;;;;;;;;;;;;;;;;;;;;;;;;;;;;;;;;;;;;;;;;;;;;;;;;;;;;;;;;;;;;;;;;;;;;;;;;
80;100;100;200;10;45;;;;;;30;30;250;15;30;;;;;;;;;;;;AG03;
122.68;0;0;0;0;0;0;0;0;0;0;0;0;119.96;0;0;0;0;0;0;0;0;0;0;0;0;117.24;1.57;0.89;0;0;0;0;0;0;0;0;0;0;114.52;4.5;2.5;0;0;0;0;0;0;0;0;0;0;111.8;5.71;3.11;0;0;0;0;0;0;0;0;0;0;109.09;8.13;4.33;0;0;0;0;0;0;0;0;0;0;106.37;10.02;5.22;0;0;0;0;0;0;0;0;0;0;103.65;12.99;6.64;0;0;0;0;0;0;0;0;0;0;100.93;14.43;7.21;0;0;0;0;0;0;0;0;0;0;98.21;16.74;8.21;0;0;0;0;0;0;0;0;0;0;95.5;18;8.62;0;0;0;0;0;0;0;0;0;0;92.78;20.01;9.39;0;0;0;0;0;0;0;0;0;0;90.06;22.01;10.11;0;0;0;0;0;0;0;0;0;0;87.34;23.19;10.4;0;0;0;0;0;0;0;0;0;0;84.62;24.96;10.94;0;0;0;0;0;0;0;0;0;0;81.91;26.79;11.49;0;0;0;0;0;0;0;0;0;0;79.19;27.97;11.68;0;0;0;0;0;0;0;0;0;0;76.47;29.63;12.08;0;0;0;0;0;0;0;0;0;0;73.75;31.4;12.51;0;0;0;0;0;0;0;0;0;0;71.03;32.63;12.63;0;0;0;0;0;0;0;0;0;0;68.31;34.26;12.92;0;0;0;0;0;0;0;0;0;0;65.6;35.48;12.99;0;0;0;0;0;0;0;0;0;0;62.88;37.1;13.21;0;0;0;0;0;0;0;0;0;0;60.16;38.37;13.23;0;0;0;0;0;0;0;0;0;0;57.44;40.02;13.4;0;0;0;0;0;0;0;0;0;0;54.72;41.35;13.38;0;0;0;0;0;0;0;0;0;0;52.01;42.56;13.26;0;0;0;0;0;0;0;0;0;0;49.29;44.2;13.31;0;0;0;0;0;0;0;0;0;0;46.57;45.61;13.22;0;0;0;0;0;0;0;0;0;0;43.85;46.93;13.03;0;0;0;0;0;0;0;0;0;0;41.13;48.23;12.79;0;0;0;0;0;0;0;0;0;0;38.41;49.55;12.51;0;0;0;0;0;0;0;0;0;0;35.7;50.89;12.2;0;0;0;0;0;0;0;0;0;0;32.98;52.29;11.85;0;0;0;0;0;0;0;0;0;0;30.26;53.76;11.47;0;0;0;0;0;0;0;0;0;0;27.54;54.92;10.89;0;0;0;0;0;0;0;0;0;0;24.82;57.44;10.8;0;0;0;0;0;0;0;0;0;0;22.11;59.77;10.54;0;0;0;0;0;0;0;0;0;0;19.39;62.39;10.29;0;0;0;0;0;0;0;0;0;0;16.67;65.26;10.05;0;0;0;0;0;0;0;0;0;0;13.95;68.14;9.66;0;0;0;0;0;0;0;0;0;0;11.23;71.64;9.4;0;0;0;0;0;0;0;0;0;0;8.51;75.43;9.1;0;0;0;0;0;0;0;0;0;0;5.8;79.58;8.75;0;0;0;0;0;0;0;0;0;0;3.08;84.32;8.6;0;0;0;0;0;0;0;0;0;0;0.36;89.33;8.51;0;0;0;0;0;0;0;0;0;0;
0;0;0;0;0;0.5;0;
;;;;;;;;;;;;;;;;;;;;;;;;;;;;;;;;;;;;;;;;;;;;;;;;;;;;;;;;;;;;;;;;;;;;;;;;;;;;;;;;;;;;;;;;;;;;;;;;;;;;;;;;;;;;;;;;;;;;;;;;;;;;;;;;;;;;;;;;;;;;;;;;;;;;;;;;;;;;;;;;;;;;;;;;;;;;;;;;;;;;;;;;;;;;;;;;;;;;;;;;;;;;;;;;;;;;;;;;;;;;;;;;;;;;;;;;;;;;;;;;;;;;;;;;;;;;;;;;;;;;;;;;;;;;;;;;;;;;;;;;;;;;;;;;;;;;;;;;;;;;;;;;;;;;;;;;;;;;;;;;;;;;;;;;;;;;;;;;;;;;;;;;;;;;;;;;;;;;;;;;;;;;;;;;;;;;;;;;;;;;;;;;;;;;;;;;;;;;;;;;;;;;;;;;;;;;;;;;;;;;;;;;;;;;;;;;;;;;;;;;;;;;;;;;;;;;;;;;;;;;;;;;;;;;;;;;;;;;;;;;;;;;;;;;;;;;;;;;;;;;;;;;;;;;;;;;;;;;;;;;;;;;;;;;;;;;;;;;;;;;;;;;;;;;;;;;;;;;;;;;;;;;;;;;;;;;;;;;;;;;;;;;;;;;;;;;;;;;;;;;;;;;;;;;;;;;;;;;;;;;;;;;;;;;;;;;;;;;;;;;;;;;;;;;;;;;;;;;;;;;;;;;;;;;;;;;;;;;;;;;;;;;;;;;;;;;;;;;;;;;;;;;;;;;;;;;;;;;;;;;;;;;;;;;;;;;;;;;;;;;;;;;;;;;;;;;;;;;;;;;;;;;;;;;;;;;;;;;;;;;;;;;;;;;;;;;;;;;;;;;;;;;;;;;;;;;;;;;;;;;;;;;;;;;;;;;;;;;;;;;;;;;;;;;;;;;;;;;;;;;;;;;;;;;;;;;;;;;;;;;;;;;;;;;;;;;;;;;;;;;;;;;;;;;;;;;;;;;;;;;;;;;;;;;;;;;;;;;;;;;;;;;;;;;;;;;;;;;;;;;;;;;;;;;;;;;;;;;;;;;;;;;;;;;;;;;;;;;;;;;;;;;;;;;;;;;;;;;;;;;;;;;;;;;;;;;;;;;;;;;;;;;;;;;;;;;;;;;;;;;;;;;;;;;;;;;;;;;;;;;;;;;;;;;;;;;;;;;;;;;;;;;;;;;;;;;;;;;;;;;;;;;;;;;;;;;;;;;;;;;;;;;;;;;;;;;;;;;;;;;;;;;;;;;;;;;;;;;;;;;;;;;;;;;;;;;;;;;;;;;;;;;;;;;;;;;;;;;;;;;;;;;;;;;;;;;;;;;;;;;;;;;;;;;;;;;;;;;;;;;;;;;;;;;;;;;;;;;;;;;;;;;;;;;;;;;;;;;;;;;;;;;;;;;;;;;;;;;;;;;;;;;;;;;;;;;;;;;;;;;;;;;;;;;;;;;;;;;;;;;;;;;;;;;;;;;;;;;;;;;;;;;;;;;;;;;;;;;;;;;;;;;;;;;;;;;;;;;;;;;;;;;;;;;;;;;;;;;;;;;;;;;;;;;;;;;;;;;;;;;;;;;;;;;;;;;;;;;;;;;;;;;;;;;;;;;;;;;;;;;;;;;;;;;;;;;;;;;;;;;;;;;;;;;;;;;;;;;;;;;;;;;;;;;;;;;;;;;;;;;;;;;;;;;;;;;;;;;;;;;;;;;;;;;;;;;;;;;;;;;;;;;;;;;;;;;;;;;;;;;;;;;;;;;;;;;;;;;;;;;;;;;;;;;;;;;;;;;;;;;;;;;;;;;;;;;;;;;;;;;;;;;;;;;;;;;;;;;;;;;;;;;;;;;;;;;;;;;;;;;;;;;;;;;;;;;;;;;;;;;;;;;;;;;;;;;;;;;;;;;;;;;;;;;;;;;;;;;;;;;;;;;;;;;;;;;;;;;;;;;;;;;;;;;;;;;;;;;;;;;;;;;;;;;;;;;;;;;;;;;;;;;;;;;;;;;;;;;;;;;;;;;;;;;;;;;;;;;;;;;;;;;;;;;;;;;;;;;;;;;;;;;;;;;;;;;;;;;;;;;;;;;;;;;;;;;;;;;;;;;;;;;;;;;;;;;;;;;;;;;;;;;;;;;;;;;;;;;;;;;;;;;;;;;;;;;;;;;;;;;;;;;;;;;;;;;;;;;;;;;;;;;;;;;;;;;;;;;;;;;;;;;;;;;;;;;;;;;;;;;;;;;;;;;;;;;;;;;;;;;;;;;;;;;;;;;;;;;;;;;;;;;;;;;;;;;;;;;;;;;;;;;;;;;;;;;;;;;;;;;;;;;;;;;;;;;;;;;;;;;;;;;;;;;;;;;;;;;;;;;;;;;;;;;;;;;;;;;;;;;;;;;;;;;;;;;;;;;;;;;;;;;;;;;;;;;;;;;;;;;;;;;;;;;;;;;;;;;;;;;;;;;;;;;;;;;;;;;;;;;;;;;;;;;;;;;;;;;;;;;;;;;;;;;;;;;;;;;;;;;;;;;;;;;;;;;;;;;;;;;;;;;;;;;;;;;;;;;;;;;;;;;;;;;;;;;;;;;;;;;;;;;;;;;;;;;;;;;;;;;;;;;;;;;;;;;;;;;;;;;;;;;;;;;;;;;;;;;;;;;;;;;;;;;;;;;;;;;;;;;;;;;;;;;;;;;;;;;;;;;;;;;;;;;;;;;;;;;;;;;;;;;;;;;;;;;;;;;;;;;;;;;;;;;;;;;;;;;;;;;;;;;;;;;;;;;;;;;;;;;;;;;;;;;;;;;;;;;;;;;;;;;;;;;;;;;;;;;;;;;;;;;;;;;;;;;;



Appareil mixte, type aile volante + stab
