250;1;
150;;;;;
1000;;;;;
500;;;;;
-1.7;;;;;
3;;;;;
;
;;;;;
;;;;;
;;;;;
;;3;
1;;
3;
;;;;
2;1;1;2;0.1;1;
NACA0006;- no foil -;- no foil -;
5;0.3;
2;;;
1000;;
1;3;2200;
2;2;20;1;
2;9;6;
1;;;1;
;;;5;3;;;;;;
;;;;;;;;;;;;;;;;;;;;;;;;;;;;;;;;;;;;;;;;;;;;;;;;;;;;;;;;;;;;;;;;;;;;;;;;;;;;;;;;
80;;;;;;;;;;;60;40;600;15;30;40;40;200;60;30;;;;;;;AG03;
111.38;0;0;0;0;0;0;0;0;0;0;0;0;108.91;0;0;0;0;0;0;0;0;0;0;0;0;106.45;0;0;0;0;0;0;0;0;0;0;0;0;103.98;2.2;1.11;0;0;0;0;0;0;0;0;0;0;101.51;4.32;2.12;0;0;0;0;0;0;0;0;0;0;99.04;5.39;2.6;0;0;0;0;0;0;0;0;0;0;96.58;7.67;3.61;0;0;0;0;0;0;0;0;0;0;94.11;7.74;3.55;0;0;0;0;0;0;0;0;0;0;91.64;10.91;4.91;0;0;0;0;0;0;0;0;0;0;89.18;12.36;5.43;0;0;0;0;0;0;0;0;0;0;86.71;13.64;5.84;0;0;0;0;0;0;0;0;0;0;84.24;14.83;6.2;0;0;0;0;0;0;0;0;0;0;81.77;15.97;6.5;0;0;0;0;0;0;0;0;0;0;79.31;17.95;7.13;0;0;0;0;0;0;0;0;0;0;76.84;19.09;7.39;0;0;0;0;0;0;0;0;0;0;74.37;20.1;7.56;0;0;0;0;0;0;0;0;0;0;71.91;21.09;7.7;0;0;0;0;0;0;0;0;0;0;69.44;22.78;8.1;0;0;0;0;0;0;0;0;0;0;66.97;23.87;8.23;0;0;0;0;0;0;0;0;0;0;64.5;24.85;8.3;0;0;0;0;0;0;0;0;0;0;62.04;25.79;8.33;0;0;0;0;0;0;0;0;0;0;59.57;26.73;8.33;0;0;0;0;0;0;0;0;0;0;57.1;28.29;8.54;0;0;0;0;0;0;0;0;0;0;54.64;28.81;8.35;0;0;0;0;0;0;0;0;0;0;52.17;30.23;8.44;0;0;0;0;0;0;0;0;0;0;49.7;30.76;8.22;0;0;0;0;0;0;0;0;0;0;47.23;32.17;8.25;0;0;0;0;0;0;0;0;0;0;44.77;32.76;8;0;0;0;0;0;0;0;0;0;0;42.3;33.64;7.82;0;0;0;0;0;0;0;0;0;0;39.83;34.08;7.49;0;0;0;0;0;0;0;0;0;0;37.37;34.37;7.1;0;0;0;0;0;0;0;0;0;0;34.9;34.63;6.69;0;0;0;0;0;0;0;0;0;0;32.43;35.45;6.41;0;0;0;0;0;0;0;0;0;0;29.97;35.97;6.04;0;0;0;0;0;0;0;0;0;0;27.5;36.39;5.63;0;0;0;0;0;0;0;0;0;0;25.03;36.25;5.1;0;0;0;0;0;0;0;0;0;0;22.56;0;0;0;0;0;0;0;0;0;0;0;0;20.1;0;0;0;0;0;0;0;0;0;0;0;0;17.63;0;0;0;0;0;0;0;0;0;0;0;0;15.16;0;0;0;0;0;0;0;0;0;0;0;0;12.7;0;0;0;0;0;0;0;0;0;0;0;0;10.23;0;0;0;0;0;0;0;0;0;0;0;0;7.76;0;0;0;0;0;0;0;0;0;0;0;0;5.29;0;0;0;0;0;0;0;0;0;0;0;0;2.83;0;0;0;0;0;0;0;0;0;0;0;0;0.36;0;0;0;0;0;0;0;0;0;0;0;0;
0;0;0;0;0;0.6;0.2;
;;;;;;;;;;;;;;;;;;;;;;;;;;;;;;;;;;;;;;;;;;;;;;;;;;;;;;;;;;;;;;;;;;;;;;;;;;;;;;;;;;;;;;;;;;;;;;;;;;;;;;;;;;;;;;;;;;;;;;;;;;;;;;;;;;;;;;;;;;;;;;;;;;;;;;;;;;;;;;;;;;;;;;;;;;;;;;;;;;;;;;;;;;;;;;;;;;;;;;;;;;;;;;;;;;;;;;;;;;;;;;;;;;;;;;;;;;;;;;;;;;;;;;;;;;;;;;;;;;;;;;;;;;;;;;;;;;;;;;;;;;;;;;;;;;;;;;;;;;;;;;;;;;;;;;;;;;;;;;;;;;;;;;;;;;;;;;;;;;;;;;;;;;;;;;;;;;;;;;;;;;;;;;;;;;;;;;;;;;;;;;;;;;;;;;;;;;;;;;;;;;;;;;;;;;;;;;;;;;;;;;;;;;;;;;;;;;;;;;;;;;;;;;;;;;;;;;;;;;;;;;;;;;;;;;;;;;;;;;;;;;;;;;;;;;;;;;;;;;;;;;;;;;;;;;;;;;;;;;;;;;;;;;;;;;;;;;;;;;;;;;;;;;;;;;;;;;;;;;;;;;;;;;;;;;;;;;;;;;;;;;;;;;;;;;;;;;;;;;;;;;;;;;;;;;;;;;;;;;;;;;;;;;;;;;;;;;;;;;;;;;;;;;;;;;;;;;;;;;;;;;;;;;;;;;;;;;;;;;;;;;;;;;;;;;;;;;;;;;;;;;;;;;;;;;;;;;;;;;;;;;;;;;;;;;;;;;;;;;;;;;;;;;;;;;;;;;;;;;;;;;;;;;;;;;;;;;;;;;;;;;;;;;;;;;;;;;;;;;;;;;;;;;;;;;;;;;;;;;;;;;;;;;;;;;;;;;;;;;;;;;;;;;;;;;;;;;;;;;;;;;;;;;;;;;;;;;;;;;;;;;;;;;;;;;;;;;;;;;;;;;;;;;;;;;;;;;;;;;;;;;;;;;;;;;;;;;;;;;;;;;;;;;;;;;;;;;;;;;;;;;;;;;;;;;;;;;;;;;;;;;;;;;;;;;;;;;;;;;;;;;;;;;;;;;;;;;;;;;;;;;;;;;;;;;;;;;;;;;;;;;;;;;;;;;;;;;;;;;;;;;;;;;;;;;;;;;;;;;;;;;;;;;;;;;;;;;;;;;;;;;;;;;;;;;;;;;;;;;;;;;;;;;;;;;;;;;;;;;;;;;;;;;;;;;;;;;;;;;;;;;;;;;;;;;;;;;;;;;;;;;;;;;;;;;;;;;;;;;;;;;;;;;;;;;;;;;;;;;;;;;;;;;;;;;;;;;;;;;;;;;;;;;;;;;;;;;;;;;;;;;;;;;;;;;;;;;;;;;;;;;;;;;;;;;;;;;;;;;;;;;;;;;;;;;;;;;;;;;;;;;;;;;;;;;;;;;;;;;;;;;;;;;;;;;;;;;;;;;;;;;;;;;;;;;;;;;;;;;;;;;;;;;;;;;;;;;;;;;;;;;;;;;;;;;;;;;;;;;;;;;;;;;;;;;;;;;;;;;;;;;;;;;;;;;;;;;;;;;;;;;;;;;;;;;;;;;;;;;;;;;;;;;;;;;;;;;;;;;;;;;;;;;;;;;;;;;;;;;;;;;;;;;;;;;;;;;;;;;;;;;;;;;;;;;;;;;;;;;;;;;;;;;;;;;;;;;;;;;;;;;;;;;;;;;;;;;;;;;;;;;;;;;;;;;;;;;;;;;;;;;;;;;;;;;;;;;;;;;;;;;;;;;;;;;;;;;;;;;;;;;;;;;;;;;;;;;;;;;;;;;;;;;;;;;;;;;;;;;;;;;;;;;;;;;;;;;;;;;;;;;;;;;;;;;;;;;;;;;;;;;;;;;;;;;;;;;;;;;;;;;;;;;;;;;;;;;;;;;;;;;;;;;;;;;;;;;;;;;;;;;;;;;;;;;;;;;;;;;;;;;;;;;;;;;;;;;;;;;;;;;;;;;;;;;;;;;;;;;;;;;;;;;;;;;;;;;;;;;;;;;;;;;;;;;;;;;;;;;;;;;;;;;;;;;;;;;;;;;;;;;;;;;;;;;;;;;;;;;;;;;;;;;;;;;;;;;;;;;;;;;;;;;;;;;;;;;;;;;;;;;;;;;;;;;;;;;;;;;;;;;;;;;;;;;;;;;;;;;;;;;;;;;;;;;;;;;;;;;;;;;;;;;;;;;;;;;;;;;;;;;;;;;;;;;;;;;;;;;;;;;;;;;;;;;;;;;;;;;;;;;;;;;;;;;;;;;;;;;;;;;;;;;;;;;;;;;;;;;;;;;;;;;;;;;;;;;;;;;;;;;;;;;;;;;;;;;;;;;;;;;;;;;;;;;;;;;;;;;;;;;;;;;;;;;;;;;;;;;;;;;;;;;;;;;;;;;;;;;;;;;;;;;;;;;;;;;;;;;;;;;;;;;;;;;;;;;;;;;;;;;;;;;;;;;;;;;;;;;;;;;;;;;;;;;;;;;;;;;;;;;;;;;;;;;;;;;;;;;;;;;;;;;;;;;;;;;;;;;;;;;;;;;;;;;;;;;;;;;;;;;;;;;;;;;;;;;;;;;;;;;;;;;;;;;;;;;;;;;;;;;;;;;;;;;;;;;;;;;;;;;;;;;;;;;;;;;;;;;;;;;;;;;;;;;;;;;;;;;;;;;;;;;;;;;;;;;;;;;;;;;;;;;;;;;;;;;;;;;;;;;;;;;;;;;;;;;;;;;;;;;;;;;;;;;;;;;;;;;;;;;;;;;;;;;;;;;;;;;;;;;;;;;;;;;;;;;;;;;;;;;;;;;;;;;;;;



Aile volante en flèche :
- profil non "autostable"
- équilibre longitudinal obtenu par vrillage
