250;1;
150;;;;;
500;;;;;
160;;;;;
0;;;;;
0;;;;;
;
;;;;;
;;;;;
;;;;;
;;2;
1;;
1;
500;5;5;0;
2;1;1;3;0;1;
FAD16;- no foil -;- no foil -;
5;0.3;
0;;;
400;;
1;3;1000;
2;2;10;1;
2;6;3;
1;;;1;
;;;5;4;;;;;;
;;;;;;;;;;;;;;;;;;;;;;;;;;;;;;;;;;;;;;;;;;;;;;;;;;;;;;;;;;;;;;;;;;;;;;;;;;;;;;;;
50;;;;;;;;;;;50;50;500;20;35;;;;;;;;;;;;- no foil -;
103.26;0;0;0;0;0;0;0;0;0;0;0;0;100.98;0;0;0;0;0;0;0;0;0;0;0;0;98.69;0;0;0;0;0;0;0;0;0;0;0;0;96.4;0;0;0;0;0;0;0;0;0;0;0;0;94.12;0;0;0;0;0;0;0;0;0;0;0;0;91.83;1.25;0.56;0;0;0;0;0;0;0;0;0;0;89.54;4.18;1.82;0;0;0;0;0;0;0;0;0;0;87.26;6.69;2.84;0;0;0;0;0;0;0;0;0;0;84.97;8.61;3.57;0;0;0;0;0;0;0;0;0;0;82.68;10.74;4.36;0;0;0;0;0;0;0;0;0;0;80.4;12.7;5.03;0;0;0;0;0;0;0;0;0;0;78.11;14.56;5.63;0;0;0;0;0;0;0;0;0;0;75.82;16.37;6.19;0;0;0;0;0;0;0;0;0;0;73.54;18.17;6.71;0;0;0;0;0;0;0;0;0;0;71.25;19.99;7.2;0;0;0;0;0;0;0;0;0;0;68.96;21.55;7.57;0;0;0;0;0;0;0;0;0;0;66.68;23.07;7.89;0;0;0;0;0;0;0;0;0;0;64.39;24.61;8.19;0;0;0;0;0;0;0;0;0;0;62.1;26.2;8.49;0;0;0;0;0;0;0;0;0;0;59.82;27.84;8.78;0;0;0;0;0;0;0;0;0;0;57.53;29.3;8.97;0;0;0;0;0;0;0;0;0;0;55.24;30.96;9.21;0;0;0;0;0;0;0;0;0;0;52.96;32.25;9.28;0;0;0;0;0;0;0;0;0;0;50.67;33.89;9.46;0;0;0;0;0;0;0;0;0;0;48.38;35.26;9.5;0;0;0;0;0;0;0;0;0;0;46.1;36.75;9.56;0;0;0;0;0;0;0;0;0;0;43.81;38.35;9.63;0;0;0;0;0;0;0;0;0;0;41.52;39.81;9.61;0;0;0;0;0;0;0;0;0;0;39.23;41.45;9.63;0;0;0;0;0;0;0;0;0;0;36.95;42.76;9.49;0;0;0;0;0;0;0;0;0;0;34.66;44.37;9.42;0;0;0;0;0;0;0;0;0;0;32.37;45.97;9.3;0;0;0;0;0;0;0;0;0;0;30.09;47.36;9.07;0;0;0;0;0;0;0;0;0;0;27.8;48.87;8.84;0;0;0;0;0;0;0;0;0;0;25.51;50.53;8.61;0;0;0;0;0;0;0;0;0;0;23.23;52.09;8.28;0;0;0;0;0;0;0;0;0;0;20.94;53.38;7.83;0;0;0;0;0;0;0;0;0;0;18.65;54.78;7.34;0;0;0;0;0;0;0;0;0;0;16.37;56.11;6.77;0;0;0;0;0;0;0;0;0;0;14.08;58.47;6.38;0;0;0;0;0;0;0;0;0;0;11.79;61.28;5.98;0;0;0;0;0;0;0;0;0;0;9.51;64.63;5.57;0;0;0;0;0;0;0;0;0;0;7.22;68.67;5.14;0;0;0;0;0;0;0;0;0;0;4.93;74.11;4.82;0;0;0;0;0;0;0;0;0;0;2.65;81.12;4.71;0;0;0;0;0;0;0;0;0;0;0.36;88.78;4.7;0;0;0;0;0;0;0;0;0;0;
0;-0.9;0;0;=X17;1;0;
;;;;;;;;;;;;;;;;;;;;;;;;;;;;;;;;;;;;;;;;;;;;;;;;;;;;;;;;;;;;;;;;;;;;;;;;;;;;;;;;;;;;;;;;;;;;;;;;;;;;;;;;;;;;;;;;;;;;;;;;;;;;;;;;;;;;;;;;;;;;;;;;;;;;;;;;;;;;;;;;;;;;;;;;;;;;;;;;;;;;;;;;;;;;;;;;;;;;;;;;;;;;;;;;;;;;;;;;;;;;;;;;;;;;;;;;;;;;;;;;;;;;;;;;;;;;;;;;;;;;;;;;;;;;;;;;;;;;;;;;;;;;;;;;;;;;;;;;;;;;;;;;;;;;;;;;;;;;;;;;;;;;;;;;;;;;;;;;;;;;;;;;;;;;;;;;;;;;;;;;;;;;;;;;;;;;;;;;;;;;;;;;;;;;;;;;;;;;;;;;;;;;;;;;;;;;;;;;;;;;;;;;;;;;;;;;;;;;;;;;;;;;;;;;;;;;;;;;;;;;;;;;;;;;;;;;;;;;;;;;;;;;;;;;;;;;;;;;;;;;;;;;;;;;;;;;;;;;;;;;;;;;;;;;;;;;;;;;;;;;;;;;;;;;;;;;;;;;;;;;;;;;;;;;;;;;;;;;;;;;;;;;;;;;;;;;;;;;;;;;;;;;;;;;;;;;;;;;;;;;;;;;;;;;;;;;;;;;;;;;;;;;;;;;;;;;;;;;;;;;;;;;;;;;;;;;;;;;;;;;;;;;;;;;;;;;;;;;;;;;;;;;;;;;;;;;;;;;;;;;;;;;;;;;;;;;;;;;;;;;;;;;;;;;;;;;;;;;;;;;;;;;;;;;;;;;;;;;;;;;;;;;;;;;;;;;;;;;;;;;;;;;;;;;;;;;;;;;;;;;;;;;;;;;;;;;;;;;;;;;;;;;;;;;;;;;;;;;;;;;;;;;;;;;;;;;;;;;;;;;;;;;;;;;;;;;;;;;;;;;;;;;;;;;;;;;;;;;;;;;;;;;;;;;;;;;;;;;;;;;;;;;;;;;;;;;;;;;;;;;;;;;;;;;;;;;;;;;;;;;;;;;;;;;;;;;;;;;;;;;;;;;;;;;;;;;;;;;;;;;;;;;;;;;;;;;;;;;;;;;;;;;;;;;;;;;;;;;;;;;;;;;;;;;;;;;;;;;;;;;;;;;;;;;;;;;;;;;;;;;;;;;;;;;;;;;;;;;;;;;;;;;;;;;;;;;;;;;;;;;;;;;;;;;;;;;;;;;;;;;;;;;;;;;;;;;;;;;;;;;;;;;;;;;;;;;;;;;;;;;;;;;;;;;;;;;;;;;;;;;;;;;;;;;;;;;;;;;;;;;;;;;;;;;;;;;;;;;;;;;;;;;;;;;;;;;;;;;;;;;;;;;;;;;;;;;;;;;;;;;;;;;;;;;;;;;;;;;;;;;;;;;;;;;;;;;;;;;;;;;;;;;;;;;;;;;;;;;;;;;;;;;;;;;;;;;;;;;;;;;;;;;;;;;;;;;;;;;;;;;;;;;;;;;;;;;;;;;;;;;;;;;;;;;;;;;;;;;;;;;;;;;;;;;;;;;;;;;;;;;;;;;;;;;;;;;;;;;;;;;;;;;;;;;;;;;;;;;;;;;;;;;;;;;;;;;;;;;;;;;;;;;;;;;;;;;;;;;;;;;;;;;;;;;;;;;;;;;;;;;;;;;;;;;;;;;;;;;;;;;;;;;;;;;;;;;;;;;;;;;;;;;;;;;;;;;;;;;;;;;;;;;;;;;;;;;;;;;;;;;;;;;;;;;;;;;;;;;;;;;;;;;;;;;;;;;;;;;;;;;;;;;;;;;;;;;;;;;;;;;;;;;;;;;;;;;;;;;;;;;;;;;;;;;;;;;;;;;;;;;;;;;;;;;;;;;;;;;;;;;;;;;;;;;;;;;;;;;;;;;;;;;;;;;;;;;;;;;;;;;;;;;;;;;;;;;;;;;;;;;;;;;;;;;;;;;;;;;;;;;;;;;;;;;;;;;;;;;;;;;;;;;;;;;;;;;;;;;;;;;;;;;;;;;;;;;;;;;;;;;;;;;;;;;;;;;;;;;;;;;;;;;;;;;;;;;;;;;;;;;;;;;;;;;;;;;;;;;;;;;;;;;;;;;;;;;;;;;;;;;;;;;;;;;;;;;;;;;;;;;;;;;;;;;;;;;;;;;;;;;;;;;;;;;;;;;;;;;;;;;;;;;;;;;;;;;;;;;;;;;;;;;;;;;;;;;;;;;;;;;;;;;;;;;;;;;;;;;;;;;;;;;;;;;;;;;;;;;;;;;;;;;;;;;;;;;;;;;;;;;;;;;;;;;;;;;;;;;;;;;;;;;;;;;;;;;;;;;;;;;;;;;;;;;;;;;;;;;;;;;;;;;;;;;;;;;;;;;;;;;;;;;;;;;;;;;;;;;;;;;;;;;;;;;;;;;;;;;;;;;;;;;;;;;;;;;;;;;;;;;;;;;;;;;;;;;;;;;;;;;;;;;;;;;;;;;;;;;;;;;;;;;;;;;;;;;;;;;;;;;;;;;;;;;;;;;;;;;;;;;;;;;;;;;;;;;;;;;;;;;;;;;;;;;;;;;;;;;;;;;;;;;;;;;;;;;;;;;;;;;;;;;;;;;;;;;;;;;;;;;;;;;;;;;;;;;;;;;;;;;;;;;;;;;;;;;;;;;;;;;;;;;;;;;;;;;;;;;;;;;;;;;;;;;;;;;;;;;;;;;;;;;;;;;;;;;;;;;;;;;;;;;;;;;;;;;;;;;;;;;;;;;;;;;;;;;;;;;;;;;;;;;;;;;;;;;;;;;;;;;;;;;;;;;;;;;;



Aile volante simple avec :
- dérive centrale
- aucun vrillage
- équilibre longitudinal assuré par ailevons relevés
