300;1;
270;220;150;80;;
800;500;450;300;;
60;130;230;330;;
0;-0.2;-0.5;-1;;
2;2;5;5;;
;
;;;;;
;;;;;
;;;;;
;;3;
1;;
12;
1130;60;80;200;
2;1;1;2;0;1;
FAD23;- no foil -;- no foil -;
5;0.3;
=J29;=K29;=L29;
3500;5000;
1;4;2200;
2;2;40;1;
2;11;8;
1;;;1;
;;;5;3;;;;;;
;;;;;;;;;;;;;;;;;;;;;;;;;;;;;;;;;;;;;;;;;;;;;;;;;;;;;;;;;;;;;;;;;;;;;;;;;;;;;;;;
80;;;;;;80;80;250;30;45;60;35;1200;15;30;60;60;200;60;30;;;;;;;AG03;
139.46;0;0;0;0;0;0;0;0;0;0;0;0;136.37;0;0;0;0;0;0;0;0;0;0;0;0;133.28;0;0;0;0;0;0;0;0;0;0;0;0;130.18;0;0;0;0;0;0;0;0;0;0;0;0;127.09;0;0;0;0;0;0;0;0;0;0;0;0;124;0;0;0;0;0;0;0;0;0;0;0;0;120.91;0;0;0;0;0;0;0;0;0;0;0;0;117.82;0;0;0;0;0;0;0.1;0.06;0;0;0;0;114.73;1.25;0.69;0;0;0;0;1.27;0.71;0;0;0;0;111.64;2.71;1.47;0;0;0;0;2.38;1.29;0;0;0;0;108.55;4.11;2.16;0;0;0;0;3.44;1.81;0;0;0;0;105.46;3.73;1.91;0;0;0;0;4.46;2.28;0;0;0;0;102.36;5.29;2.63;0;0;0;0;3.62;1.8;0;0;0;0;99.27;6.51;3.15;0;0;0;0;5.14;2.48;0;0;0;0;96.18;7.55;3.54;0;0;0;0;5.16;2.41;0;0;0;0;93.09;8.48;3.85;0;0;0;0;6.33;2.87;0;0;0;0;90;10.06;4.44;0;0;0;0;6.37;2.79;0;0;0;0;86.91;10.85;4.63;0;0;0;0;7.36;3.12;0;0;0;0;83.82;12.18;5.02;0;0;0;0;7.4;3.02;0;0;0;0;80.73;12.88;5.13;0;0;0;0;8.29;3.27;0;0;0;0;77.64;13.53;5.19;0;0;0;0;8.34;3.16;0;0;0;0;74.55;14.15;5.22;0;0;0;0;9.15;3.34;0;0;0;0;71.45;14.77;5.23;0;0;0;0;9.21;3.22;0;0;0;0;68.36;15.38;5.22;0;0;0;0;9.24;3.09;0;0;0;0;65.27;15.98;5.19;0;0;0;0;9.27;2.96;0;0;0;0;62.18;16.1;4.99;0;0;0;0;9.31;2.83;0;0;0;0;59.09;16.65;4.91;0;0;0;0;9.35;2.7;0;0;0;0;56;16.78;4.69;0;0;0;0;9.39;2.57;0;0;0;0;52.91;17.34;4.59;0;0;0;0;9.43;2.44;0;0;0;0;49.82;17.96;4.48;0;0;0;0;9.49;2.31;0;0;0;0;46.73;18.13;4.25;0;0;0;0;9.55;2.18;0;0;0;0;43.63;18.72;4.11;0;0;0;0;8.79;1.87;0;0;0;0;40.54;18.93;3.86;0;0;0;0;8.82;1.75;0;0;0;0;37.45;18.64;3.51;0;0;0;0;7.97;1.46;0;0;0;0;34.36;18.29;3.15;0;0;0;0;5.69;0.95;0;0;0;0;31.27;17.42;2.73;0;0;0;0;11.93;1.81;0;0;0;0;28.18;15.86;2.22;0;0;0;0;0;0;0;0;0;0;25.09;11.22;1.36;0;0;0;0;0;0;0;0;0;0;22;0;0;0;0;0;0;0;0;0;0;0;0;18.91;0;0;0;0;0;0;0;0;0;0;0;0;15.82;0;0;0;0;0;0;0;0;0;0;0;0;12.72;0;0;0;0;0;0;0;0;0;0;0;0;9.63;0;0;0;0;0;0;0;0;0;0;0;0;6.54;0;0;0;0;0;0;0;0;0;0;0;0;3.45;0;0;0;0;0;0;0;0;0;0;0;0;0.36;0;0;0;0;0;0;0;0;0;0;0;0;
0;-1.3;0;=Y17;=X17;0.6;0.2;
;;;;;;;;;;;;;;;;;;;;;;;;;;;;;;;;;;;;;;;;;;;;;;;;;;;;;;;;;;;;;;;;;;;;;;;;;;;;;;;;;;;;;;;;;;;;;;;;;;;;;;;;;;;;;;;;;;;;;;;;;;;;;;;;;;;;;;;;;;;;;;;;;;;;;;;;;;;;;;;;;;;;;;;;;;;;;;;;;;;;;;;;;;;;;;;;;;;;;;;;;;;;;;;;;;;;;;;;;;;;;;;;;;;;;;;;;;;;;;;;;;;;;;;;;;;;;;;;;;;;;;;;;;;;;;;;;;;;;;;;;;;;;;;;;;;;;;;;;;;;;;;;;;;;;;;;;;;;;;;;;;;;;;;;;;;;;;;;;;;;;;;;;;;;;;;;;;;;;;;;;;;;;;;;;;;;;;;;;;;;;;;;;;;;;;;;;;;;;;;;;;;;;;;;;;;;;;;;;;;;;;;;;;;;;;;;;;;;;;;;;;;;;;;;;;;;;;;;;;;;;;;;;;;;;;;;;;;;;;;;;;;;;;;;;;;;;;;;;;;;;;;;;;;;;;;;;;;;;;;;;;;;;;;;;;;;;;;;;;;;;;;;;;;;;;;;;;;;;;;;;;;;;;;;;;;;;;;;;;;;;;;;;;;;;;;;;;;;;;;;;;;;;;;;;;;;;;;;;;;;;;;;;;;;;;;;;;;;;;;;;;;;;;;;;;;;;;;;;;;;;;;;;;;;;;;;;;;;;;;;;;;;;;;;;;;;;;;;;;;;;;;;;;;;;;;;;;;;;;;;;;;;;;;;;;;;;;;;;;;;;;;;;;;;;;;;;;;;;;;;;;;;;;;;;;;;;;;;;;;;;;;;;;;;;;;;;;;;;;;;;;;;;;;;;;;;;;;;;;;;;;;;;;;;;;;;;;;;;;;;;;;;;;;;;;;;;;;;;;;;;;;;;;;;;;;;;;;;;;;;;;;;;;;;;;;;;;;;;;;;;;;;;;;;;;;;;;;;;;;;;;;;;;;;;;;;;;;;;;;;;;;;;;;;;;;;;;;;;;;;;;;;;;;;;;;;;;;;;;;;;;;;;;;;;;;;;;;;;;;;;;;;;;;;;;;;;;;;;;;;;;;;;;;;;;;;;;;;;;;;;;;;;;;;;;;;;;;;;;;;;;;;;;;;;;;;;;;;;;;;;;;;;;;;;;;;;;;;;;;;;;;;;;;;;;;;;;;;;;;;;;;;;;;;;;;;;;;;;;;;;;;;;;;;;;;;;;;;;;;;;;;;;;;;;;;;;;;;;;;;;;;;;;;;;;;;;;;;;;;;;;;;;;;;;;;;;;;;;;;;;;;;;;;;;;;;;;;;;;;;;;;;;;;;;;;;;;;;;;;;;;;;;;;;;;;;;;;;;;;;;;;;;;;;;;;;;;;;;;;;;;;;;;;;;;;;;;;;;;;;;;;;;;;;;;;;;;;;;;;;;;;;;;;;;;;;;;;;;;;;;;;;;;;;;;;;;;;;;;;;;;;;;;;;;;;;;;;;;;;;;;;;;;;;;;;;;;;;;;;;;;;;;;;;;;;;;;;;;;;;;;;;;;;;;;;;;;;;;;;;;;;;;;;;;;;;;;;;;;;;;;;;;;;;;;;;;;;;;;;;;;;;;;;;;;;;;;;;;;;;;;;;;;;;;;;;;;;;;;;;;;;;;;;;;;;;;;;;;;;;;;;;;;;;;;;;;;;;;;;;;;;;;;;;;;;;;;;;;;;;;;;;;;;;;;;;;;;;;;;;;;;;;;;;;;;;;;;;;;;;;;;;;;;;;;;;;;;;;;;;;;;;;;;;;;;;;;;;;;;;;;;;;;;;;;;;;;;;;;;;;;;;;;;;;;;;;;;;;;;;;;;;;;;;;;;;;;;;;;;;;;;;;;;;;;;;;;;;;;;;;;;;;;;;;;;;;;;;;;;;;;;;;;;;;;;;;;;;;;;;;;;;;;;;;;;;;;;;;;;;;;;;;;;;;;;;;;;;;;;;;;;;;;;;;;;;;;;;;;;;;;;;;;;;;;;;;;;;;;;;;;;;;;;;;;;;;;;;;;;;;;;;;;;;;;;;;;;;;;;;;;;;;;;;;;;;;;;;;;;;;;;;;;;;;;;;;;;;;;;;;;;;;;;;;;;;;;;;;;;;;;;;;;;;;;;;;;;;;;;;;;;;;;;;;;;;;;;;;;;;;;;;;;;;;;;;;;;;;;;;;;;;;;;;;;;;;;;;;;;;;;;;;;;;;;;;;;;;;;;;;;;;;;;;;;;;;;;;;;;;;;;;;;;;;;;;;;;;;;;;;;;;;;;;;;;;;;;;;;;;;;;;;;;;;;;;;;;;;;;;;;;;;;;;;;;;;;;;;;;;;;;;;;;;;;;;;;;;;;;;;;;;;;;;;;;;;;;;;;;;;;;;;;;;;;;;;;;;;;;;;;;;;;;;;;;;;;;;;;;;;;;;;;;;;;;;;;;;;;;;;;;;;;;;;;;;;;;;;;;;;;;;;;;;;;;;;;;;;;;;;;;;;;;;;;;;;;;;;;;;;;;;;;;;;;;;;;;;;;;;;;;;;;;;;;;;;;;;;;;;;;;;;;;;;;;;;;;;;;;;;;;;;;;;;;;;;;;;;;;;;;;;;;;;;;;;;;;;;;;;;;;;;;;;;;;;;;;;;;;;;;;;;;;;;;;;;;;;;;;;;;;;;;;;;;;;;;;;;;;;;;;;;;;;;;;;;;;;;;;;;;;;;;;;;;;;;;;;;;;;;;;;;;;;;;;;;;;;;;;;;;;;;;;;;;;;;;;;;;;;;;;;;;;;;;;;;;;;;;;;;;;;;;;;;;;;;



Aile volante parabolique :
- pilotage par ailevons aux extrémités
- freinage par volets centraux
