200;1;
200;1;1;200;200;
780;0;280;0;-500;
0;50;100;50;50;
0;0;0;0;0;
3;0;-140;3;0;
160;
120;;;;;
300;;;;;
40;;;;;
700;-100;2;
1;20;
3;
1100;120;160;250;
2;2;1;1;0.2;2;
CLARKY;- no foil -;- no foil -;
5;0.3;
0;;;
2000;;
1;3;2200;
2;2;30;1;
2;9;6;
1;;;1;
;;;;;;;;;;
;;;;;;;;;;;;;;;;;;;;;;;;;;;;;;;;;;;;;;;;;;;;;;;;;;;;;;;;;;;;;;;;;;;;;;;;;;;;;;;;
;;;;;;;;;;;;;;;;;;;;;;;;;;;CLARKY;
127.45;0;0;0;0;0;0;0;0;0;0;0;0;124.62;0;0;0;0;0;0;0;0;0;0;0;0;121.8;0;0;0;0;0;0;0;0;0;0;0;0;118.97;0;0;0;0;0;0;0;0;0;0;0;0;116.15;0;0;0;0;0;0;0;0;0;0;0;0;113.32;0;0;0;0;0;0;0;0;0;0;0;0;110.5;0;0;0;0;0;0;0;0;0;0;0;0;107.68;0;0;0;0;0;0;0;0;0;0;0;0;104.85;0;0;0;0;0;0;0;0;0;0;0;0;102.03;0;0;0;0;0;0;0;0;0;0;0;0;99.2;0;0;0;0;0;0;0;0;0;0;0;0;96.38;0;0;0;0;0;0;0;0;0;0;0;0;93.56;1.58;0.72;0;0;0;0;0;0;0;0;0;0;90.73;3.34;1.47;0;0;0;0;0;0;0;0;0;0;87.91;3.74;1.6;0;0;0;0;0;0;0;0;0;0;85.08;5.31;2.2;0;0;0;0;0;0;0;0;0;0;82.26;6.53;2.62;0;0;0;0;0;0;0;0;0;0;79.44;7.58;2.94;0;0;0;0;0;0;0;0;0;0;76.61;9.32;3.49;0;0;0;0;0;0;0;0;0;0;73.79;10.15;3.67;0;0;0;0;0;0;0;0;0;0;70.96;11.56;4.03;0;0;0;0;0;0;0;0;0;0;68.14;12.88;4.33;0;0;0;0;0;0;0;0;0;0;65.31;13.57;4.38;0;0;0;0;0;0;0;0;0;0;62.49;14.74;4.57;0;0;0;0;0;0;0;0;0;0;59.67;15.4;4.57;0;0;0;0;0;0;0;0;0;0;56.84;16.01;4.53;0;0;0;0;0;0;0;0;0;0;54.02;16.62;4.48;0;0;0;0;0;0;0;0;0;0;51.19;16.76;4.28;0;0;0;0;0;0;0;0;0;0;48.37;17.32;4.19;0;0;0;0;0;0;0;0;0;0;45.55;17;3.87;0;0;0;0;0;0;0;0;0;0;42.72;17.52;3.75;0;0;0;0;0;0;0;0;0;0;39.9;17.21;3.43;0;0;0;0;0;0;0;0;0;0;37.07;16.79;3.11;0;0;0;0;0;0;0;0;0;0;34.25;15.82;2.7;0;0;0;0;0;0;0;0;0;0;31.43;13.47;2.09;0;0;0;0;0;0;0;0;0;0;28.6;8.55;1.19;0;0;0;0;0;0;0;0;0;0;25.78;0;0;0;0;0;0;0;0;0;0;0;0;22.95;0;0;0;0;0;0;0;0;0;0;0;0;20.13;0;0;0;0;0;0;0;0;0;0;0;0;17.3;0;0;0;0;0;0;0;0;0;0;0;0;14.48;0;0;0;0;0;0;0;0;0;0;0;0;11.66;0;0;0;0;0;0;0;0;0;0;0;0;8.83;0;0;0;0;0;0;0;0;0;0;0;0;6.01;0;0;0;0;0;0;0;0;0;0;0;0;3.18;0;0;0;0;0;0;0;0;0;0;0;0;0.36;0;0;0;0;0;0;0;0;0;0;0;0;
0;0;0;0;0;0.6;0;
;;;;;;;;;;;;;;;;;;;;;;;;;;;;;;;;;;;;;;;;;;;;;;;;;;;;;;;;;;;;;;;;;;;;;;;;;;;;;;;;;;;;;;;;;;;;;;;;;;;;;;;;;;;;;;;;;;;;;;;;;;;;;;;;;;;;;;;;;;;;;;;;;;;;;;;;;;;;;;;;;;;;;;;;;;;;;;;;;;;;;;;;;;;;;;;;;;;;;;;;;;;;;;;;;;;;;;;;;;;;;;;;;;;;;;;;;;;;;;;;;;;;;;;;;;;;;;;;;;;;;;;;;;;;;;;;;;;;;;;;;;;;;;;;;;;;;;;;;;;;;;;;;;;;;;;;;;;;;;;;;;;;;;;;;;;;;;;;;;;;;;;;;;;;;;;;;;;;;;;;;;;;;;;;;;;;;;;;;;;;;;;;;;;;;;;;;;;;;;;;;;;;;;;;;;;;;;;;;;;;;;;;;;;;;;;;;;;;;;;;;;;;;;;;;;;;;;;;;;;;;;;;;;;;;;;;;;;;;;;;;;;;;;;;;;;;;;;;;;;;;;;;;;;;;;;;;;;;;;;;;;;;;;;;;;;;;;;;;;;;;;;;;;;;;;;;;;;;;;;;;;;;;;;;;;;;;;;;;;;;;;;;;;;;;;;;;;;;;;;;;;;;;;;;;;;;;;;;;;;;;;;;;;;;;;;;;;;;;;;;;;;;;;;;;;;;;;;;;;;;;;;;;;;;;;;;;;;;;;;;;;;;;;;;;;;;;;;;;;;;;;;;;;;;;;;;;;;;;;;;;;;;;;;;;;;;;;;;;;;;;;;;;;;;;;;;;;;;;;;;;;;;;;;;;;;;;;;;;;;;;;;;;;;;;;;;;;;;;;;;;;;;;;;;;;;;;;;;;;;;;;;;;;;;;;;;;;;;;;;;;;;;;;;;;;;;;;;;;;;;;;;;;;;;;;;;;;;;;;;;;;;;;;;;;;;;;;;;;;;;;;;;;;;;;;;;;;;;;;;;;;;;;;;;;;;;;;;;;;;;;;;;;;;;;;;;;;;;;;;;;;;;;;;;;;;;;;;;;;;;;;;;;;;;;;;;;;;;;;;;;;;;;;;;;;;;;;;;;;;;;;;;;;;;;;;;;;;;;;;;;;;;;;;;;;;;;;;;;;;;;;;;;;;;;;;;;;;;;;;;;;;;;;;;;;;;;;;;;;;;;;;;;;;;;;;;;;;;;;;;;;;;;;;;;;;;;;;;;;;;;;;;;;;;;;;;;;;;;;;;;;;;;;;;;;;;;;;;;;;;;;;;;;;;;;;;;;;;;;;;;;;;;;;;;;;;;;;;;;;;;;;;;;;;;;;;;;;;;;;;;;;;;;;;;;;;;;;;;;;;;;;;;;;;;;;;;;;;;;;;;;;;;;;;;;;;;;;;;;;;;;;;;;;;;;;;;;;;;;;;;;;;;;;;;;;;;;;;;;;;;;;;;;;;;;;;;;;;;;;;;;;;;;;;;;;;;;;;;;;;;;;;;;;;;;;;;;;;;;;;;;;;;;;;;;;;;;;;;;;;;;;;;;;;;;;;;;;;;;;;;;;;;;;;;;;;;;;;;;;;;;;;;;;;;;;;;;;;;;;;;;;;;;;;;;;;;;;;;;;;;;;;;;;;;;;;;;;;;;;;;;;;;;;;;;;;;;;;;;;;;;;;;;;;;;;;;;;;;;;;;;;;;;;;;;;;;;;;;;;;;;;;;;;;;;;;;;;;;;;;;;;;;;;;;;;;;;;;;;;;;;;;;;;;;;;;;;;;;;;;;;;;;;;;;;;;;;;;;;;;;;;;;;;;;;;;;;;;;;;;;;;;;;;;;;;;;;;;;;;;;;;;;;;;;;;;;;;;;;;;;;;;;;;;;;;;;;;;;;;;;;;;;;;;;;;;;;;;;;;;;;;;;;;;;;;;;;;;;;;;;;;;;;;;;;;;;;;;;;;;;;;;;;;;;;;;;;;;;;;;;;;;;;;;;;;;;;;;;;;;;;;;;;;;;;;;;;;;;;;;;;;;;;;;;;;;;;;;;;;;;;;;;;;;;;;;;;;;;;;;;;;;;;;;;;;;;;;;;;;;;;;;;;;;;;;;;;;;;;;;;;;;;;;;;;;;;;;;;;;;;;;;;;;;;;;;;;;;;;;;;;;;;;;;;;;;;;;;;;;;;;;;;;;;;;;;;;;;;;;;;;;;;;;;;;;;;;;;;;;;;;;;;;;;;;;;;;;;;;;;;;;;;;;;;;;;;;;;;;;;;;;;;;;;;;;;;;;;;;;;;;;;;;;;;;;;;;;;;;;;;;;;;;;;;;;;;;;;;;;;;;;;;;;;;;;;;;;;;;;;;;;;;;;;;;;;;;;;;;;;;;;;;;;;;;;;;;;;;;;;;;;;;;;;;;;;;;;;;;;;;;;;;;;;;;;;;;;;;;;;;;;;;;;;;;;;;;;;;;;;;;;;;;;;;;;;;;;;;;;;;;;;;;;;;;;;;;;;;;;;;;;;;;;;;;;;;;;;;;;;;;;;;;;;;;;;;;;;;;;;;;;;;;;;;;;;;;;;;;;;;;;;;;;;;;;;;;;;;;;;;;;;;;;;;;;;;;;;;;;;;;;;;;;;;;;;;;;;;;;;;;;;;;;;;;;;;;;;;;;;;;;;;;;;;;;;;;;;;;;;;;;;;;;;;;;;;;;;;;;;;;;;;;;;;;;;;;;;;;;;;;;;;;;;;;;;;;;;;;;;;;;;;;;;;;;;;;;;;;;;;;;;;;;;;;;;;;;;;;;;;;;;;;;;;;;;;;;;;;;;;;;;;;;;;;;;;;;;;;;;;;;;;;;;;;;;;




