250;1;
150;;;;;
1000;;;;;
100;;;;;
0;;;;;
3;;;;;
120;
80;;;;;
270;;;;;
40;;;;;
-600;30;5;
1;10;
3;
1070;50;60;700;
2;1;1;3;0;1;
MH43;- no foil -;- no foil -;
3;0.3;
2.2;;;
1000;;
1;3;2200;
2;2;25;1;
2;7;6;
1;;;1;
;;;
;;;;;;;;;;;;;;;;;;;;;;;;;;;;;;;;;;;;;;;;;;;;;;;;;;;;;;;;;;;;;;;;;;;;;;;;;;;;;;;;;;;;;;;;;;;;;;;;;;;;;;;;;;;;;;;;
;;;;;;;;;;;;;;;;;;;;;;;;;;;TP74;
153.7;0;0;0;0;0;0;0;0;0;0;0;0;150.29;0;0;0;0;0;0;0;0;0;0;0;0;146.89;0;0;0;0;0;0;0;0;0;0;0;0;143.48;0;0;0;0;0;0;0;0;0;0;0;0;140.07;0;0;0;0;0;0;0;0;0;0;0;0;136.66;0;0;0;0;0;0;0;0;0;0;0;0;133.26;0;0;0;0;0;0;0;0;0;0;0;0;129.85;0;0;0;0;0;0;0;0;0;0;0;0;126.44;0;0;0;0;0;0;0;0;0;0;0;0;123.03;0;0;0;0;0;0;0;0;0;0;0;0;119.63;0.74;0.43;0;0;0;0;0;0;0;0;0;0;116.22;2.88;1.62;0;0;0;0;0;0;0;0;0;0;112.81;4.91;2.69;0;0;0;0;0;0;0;0;0;0;109.4;5.61;2.99;0;0;0;0;0;0;0;0;0;0;106;7.99;4.13;0;0;0;0;0;0;0;0;0;0;102.59;8.06;4.04;0;0;0;0;0;0;0;0;0;0;99.18;9.87;4.79;0;0;0;0;0;0;0;0;0;0;95.77;11.48;5.4;0;0;0;0;0;0;0;0;0;0;92.37;12.92;5.89;0;0;0;0;0;0;0;0;0;0;88.96;14.27;6.28;0;0;0;0;0;0;0;0;0;0;85.55;15.53;6.6;0;0;0;0;0;0;0;0;0;0;82.14;16.73;6.86;0;0;0;0;0;0;0;0;0;0;78.73;17.9;7.06;0;0;0;0;0;0;0;0;0;0;75.33;19.03;7.22;0;0;0;0;0;0;0;0;0;0;71.92;20.13;7.32;0;0;0;0;0;0;0;0;0;0;68.51;21.22;7.39;0;0;0;0;0;0;0;0;0;0;65.1;22.3;7.42;0;0;0;0;0;0;0;0;0;0;61.7;24.13;7.68;0;0;0;0;0;0;0;0;0;0;58.29;25.35;7.67;0;0;0;0;0;0;0;0;0;0;54.88;26.46;7.59;0;0;0;0;0;0;0;0;0;0;51.47;27.55;7.46;0;0;0;0;0;0;0;0;0;0;48.07;28.67;7.3;0;0;0;0;0;0;0;0;0;0;44.66;29.8;7.11;0;0;0;0;0;0;0;0;0;0;41.25;30.98;6.88;0;0;0;0;0;0;0;0;0;0;37.84;31.56;6.46;0;0;0;0;0;0;0;0;0;0;34.44;31.99;5.97;0;0;0;0;0;0;0;0;0;0;31.03;32.43;5.48;0;0;0;0;0;0;0;0;0;0;27.62;32.25;4.84;0;0;0;0;0;0;0;0;0;0;24.21;30.4;3.95;0;0;0;0;0;0;0;0;0;0;20.81;0;0;0;0;0;0;0;0;0;0;0;0;17.4;0;0;0;0;0;0;0;0;0;0;0;0;13.99;0;0;0;0;0;0;0;0;0;0;0;0;10.58;0;0;0;0;0;0;0;0;0;0;0;0;7.18;0;0;0;0;0;0;0;0;0;0;0;0;3.77;0;0;0;0;0;0;0;0;0;0;0;0;0.36;0;0;0;0;0;0;0;0;0;0;0;0;
0;0;0;0;0;0.6;0;





