700;1;
100;;;;;
500;;;;;
600;;;;;
0;;;;;
3;;;;;
;
;;;;;
;;;;;
;;;;;
;;3;
1;;
2;
700;5;5;0;
2;1;1;3;0;1;
FAD16;- no foil -;- no foil -;
3;0.1;
0;;;
1000;;
1;3;;
2;2;40;;
2;8;8;
1;13500;17000;2;
;;;5;3;;;;;;
;;;;;;;;;;;;;;;;;;;;;;;;;;;;;;;;;;;;;;;;;;;;;;;;;;;;;;;;;;;;;;;;;;;;;;;;;;;;;;;;
;;;;;;;;;;;;;;;;;;;;;;;;;;;FAD16;
186.56;0;0;0;0;0;0;0;0;0;0;0;0;182.42;0;0;0;0;0;0;0;0;0;0;0;0;178.28;3.51;3.03;0;0;0;0;0;0;0;0;0;0;174.14;6.02;5.1;0;0;0;0;0;0;0;0;0;0;170;8.57;7.11;0;0;0;0;0;0;0;0;0;0;165.87;10.56;8.59;0;0;0;0;0;0;0;0;0;0;161.73;13.68;10.94;0;0;0;0;0;0;0;0;0;0;157.59;15.19;11.89;0;0;0;0;0;0;0;0;0;0;153.45;17.63;13.54;0;0;0;0;0;0;0;0;0;0;149.32;18.96;14.25;0;0;0;0;0;0;0;0;0;0;145.18;21.07;15.54;0;0;0;0;0;0;0;0;0;0;141.04;23.17;16.77;0;0;0;0;0;0;0;0;0;0;136.9;24.42;17.26;0;0;0;0;0;0;0;0;0;0;132.77;26.26;18.2;0;0;0;0;0;0;0;0;0;0;128.63;28.19;19.15;0;0;0;0;0;0;0;0;0;0;124.49;29.43;19.51;0;0;0;0;0;0;0;0;0;0;120.35;31.17;20.22;0;0;0;0;0;0;0;0;0;0;116.21;33.02;20.98;0;0;0;0;0;0;0;0;0;0;112.08;34.31;21.25;0;0;0;0;0;0;0;0;0;0;107.94;36.01;21.79;0;0;0;0;0;0;0;0;0;0;103.8;37.3;21.96;0;0;0;0;0;0;0;0;0;0;99.66;38.99;22.41;0;0;0;0;0;0;0;0;0;0;95.53;40.31;22.51;0;0;0;0;0;0;0;0;0;0;91.39;42.02;22.87;0;0;0;0;0;0;0;0;0;0;87.25;43.41;22.92;0;0;0;0;0;0;0;0;0;0;83.11;44.66;22.82;0;0;0;0;0;0;0;0;0;0;78.98;46.35;23;0;0;0;0;0;0;0;0;0;0;74.84;47.81;22.93;0;0;0;0;0;0;0;0;0;0;70.7;49.17;22.73;0;0;0;0;0;0;0;0;0;0;66.56;50.5;22.43;0;0;0;0;0;0;0;0;0;0;62.43;52.25;22.4;0;0;0;0;0;0;0;0;0;0;58.29;54.27;22.5;0;0;0;0;0;0;0;0;0;0;54.15;56.07;22.36;0;0;0;0;0;0;0;0;0;0;50.01;58.14;22.36;0;0;0;0;0;0;0;0;0;0;45.87;60.42;22.45;0;0;0;0;0;0;0;0;0;0;41.74;62.51;22.28;0;0;0;0;0;0;0;0;0;0;37.6;64.84;22.24;0;0;0;0;0;0;0;0;0;0;33.46;67.07;21.97;0;0;0;0;0;0;0;0;0;0;29.32;69.55;21.84;0;0;0;0;0;0;0;0;0;0;25.19;71.98;21.51;0;0;0;0;0;0;0;0;0;0;21.05;74.65;21.3;0;0;0;0;0;0;0;0;0;0;16.91;77.33;20.9;0;0;0;0;0;0;0;0;0;0;12.77;80.24;20.63;0;0;0;0;0;0;0;0;0;0;8.64;83.32;20.48;0;0;0;0;0;0;0;0;0;0;4.5;86.5;20.45;0;0;0;0;0;0;0;0;0;0;0.36;89.72;20.26;0;0;0;0;0;0;0;0;0;0;
0;-4;0;0;=X17;1;0;
;;;;;;;;;;;;;;;;;;;;;;;;;;;;;;;;;;;;;;;;;;;;;;;;;;;;;;;;;;;;;;;;;;;;;;;;;;;;;;;;;;;;;;;;;;;;;;;;;;;;;;;;;;;;;;;;;;;;;;;;;;;;;;;;;;;;;;;;;;;;;;;;;;;;;;;;;;;;;;;;;;;;;;;;;;;;;;;;;;;;;;;;;;;;;;;;;;;;;;;;;;;;;;;;;;;;;;;;;;;;;;;;;;;;;;;;;;;;;;;;;;;;;;;;;;;;;;;;;;;;;;;;;;;;;;;;;;;;;;;;;;;;;;;;;;;;;;;;;;;;;;;;;;;;;;;;;;;;;;;;;;;;;;;;;;;;;;;;;;;;;;;;;;;;;;;;;;;;;;;;;;;;;;;;;;;;;;;;;;;;;;;;;;;;;;;;;;;;;;;;;;;;;;;;;;;;;;;;;;;;;;;;;;;;;;;;;;;;;;;;;;;;;;;;;;;;;;;;;;;;;;;;;;;;;;;;;;;;;;;;;;;;;;;;;;;;;;;;;;;;;;;;;;;;;;;;;;;;;;;;;;;;;;;;;;;;;;;;;;;;;;;;;;;;;;;;;;;;;;;;;;;;;;;;;;;;;;;;;;;;;;;;;;;;;;;;;;;;;;;;;;;;;;;;;;;;;;;;;;;;;;;;;;;;;;;;;;;;;;;;;;;;;;;;;;;;;;;;;;;;;;;;;;;;;;;;;;;;;;;;;;;;;;;;;;;;;;;;;;;;;;;;;;;;;;;;;;;;;;;;;;;;;;;;;;;;;;;;;;;;;;;;;;;;;;;;;;;;;;;;;;;;;;;;;;;;;;;;;;;;;;;;;;;;;;;;;;;;;;;;;;;;;;;;;;;;;;;;;;;;;;;;;;;;;;;;;;;;;;;;;;;;;;;;;;;;;;;;;;;;;;;;;;;;;;;;;;;;;;;;;;;;;;;;;;;;;;;;;;;;;;;;;;;;;;;;;;;;;;;;;;;;;;;;;;;;;;;;;;;;;;;;;;;;;;;;;;;;;;;;;;;;;;;;;;;;;;;;;;;;;;;;;;;;;;;;;;;;;;;;;;;;;;;;;;;;;;;;;;;;;;;;;;;;;;;;;;;;;;;;;;;;;;;;;;;;;;;;;;;;;;;;;;;;;;;;;;;;;;;;;;;;;;;;;;;;;;;;;;;;;;;;;;;;;;;;;;;;;;;;;;;;;;;;;;;;;;;;;;;;;;;;;;;;;;;;;;;;;;;;;;;;;;;;;;;;;;;;;;;;;;;;;;;;;;;;;;;;;;;;;;;;;;;;;;;;;;;;;;;;;;;;;;;;;;;;;;;;;;;;;;;;;;;;;;;;;;;;;;;;;;;;;;;;;;;;;;;;;;;;;;;;;;;;;;;;;;;;;;;;;;;;;;;;;;;;;;;;;;;;;;;;;;;;;;;;;;;;;;;;;;;;;;;;;;;;;;;;;;;;;;;;;;;;;;;;;;;;;;;;;;;;;;;;;;;;;;;;;;;;;;;;;;;;;;;;;;;;;;;;;;;;;;;;;;;;;;;;;;;;;;;;;;;;;;;;;;;;;;;;;;;;;;;;;;;;;;;;;;;;;;;;;;;;;;;;;;;;;;;;;;;;;;;;;;;;;;;;;;;;;;;;;;;;;;;;;;;;;;;;;;;;;;;;;;;;;;;;;;;;;;;;;;;;;;;;;;;;;;;;;;;;;;;;;;;;;;;;;;;;;;;;;;;;;;;;;;;;;;;;;;;;;;;;;;;;;;;;;;;;;;;;;;;;;;;;;;;;;;;;;;;;;;;;;;;;;;;;;;;;;;;;;;;;;;;;;;;;;;;;;;;;;;;;;;;;;;;;;;;;;;;;;;;;;;;;;;;;;;;;;;;;;;;;;;;;;;;;;;;;;;;;;;;;;;;;;;;;;;;;;;;;;;;;;;;;;;;;;;;;;;;;;;;;;;;;;;;;;;;;;;;;;;;;;;;;;;;;;;;;;;;;;;;;;;;;;;;;;;;;;;;;;;;;;;;;;;;;;;;;;;;;;;;;;;;;;;;;;;;;;;;;;;;;;;;;;;;;;;;;;;;;;;;;;;;;;;;;;;;;;;;;;;;;;;;;;;;;;;;;;;;;;;;;;;;;;;;;;;;;;;;;;;;;;;;;;;;;;;;;;;;;;;;;;;;;;;;;;;;;;;;;;;;;;;;;;;;;;;;;;;;;;;;;;;;;;;;;;;;;;;;;;;;;;;;;;;;;;;;;;;;;;;;;;;;;;;;;;;;;;;;;;;;;;;;;;;;;;;;;;;;;;;;;;;;;;;;;;;;;;;;;;;;;;;;;;;;;;;;;;;;;;;;;;;;;;;;;;;;;;;;;;;;;;;;;;;;;;;;;;;;;;;;;;;;;;;;;;;;;;;;;;;;;;;;;;;;;;;;;;;;;;;;;;;;;;;;;;;;;;;;;;;;;;;;;;;;;;;;;;;;;;;;;;;;;;;;;;;;;;;;;;;;;;;;;;;;;;;;;;;;;;;;;;;;;;;;;;;;;;;;;;;;;;;;;;;;;;;;;;;;;;;;;;;;;;;;;;;;;;;;;;;;;;;;;;;;;;;;;;;;;;;;;;;;;;;;;;;;;;;;;;;;;;;;;;;;;;;;;;;;;;;;;;;;;;;;;;;;;;;;;;;;;;;;;;;;;;;;;;;;;;;;;;;;;;;;;;;;;;;;;;;;;;;;;;;;;;;;;;;;;;;;;;;;;;;;;;;;;;;;;;;;;;;;;;;;;;;;;;;;;;;;;;;;;;;;;;;;;;;;;;;;;;;;;;;;;;;;;;;;;;;;;;;;;;




