250;1;
150;;;;;
300;;;;;
300;;;;;
0;;;;;
0;;;;;
150;
100;;;;;
120;;;;;
150;;;;;
450;30;2;
1;60;
3;
950;80;60;350;
4;2;1;3;0;1;
FAD18;- no foil -;- no foil -;
5;0.1;
0.4;;;
1000;;
1;4;2200;
2;2;60;;
2;5;5;
1;30000;35000;2;
;;;
;;;;;;;;;;;;;;;;;;;;;;;;;;;;;;;;;;;;;;;;;;;;;;;;;;;;;;;;;;;;;;;;;;;;;;;;;;;;;;;;;;;;;;;;;;;;;;;;;;;;;;;;;;;;;;;;
;;;;;;;;;;;;;;;;;;;;;;;;;;;FAD18;
239.95;0;0;0;0;0;0;0;0;0;0;0;0;234.63;0;0;0;0;0;0;0;0;0;0;0;0;229.3;0;0;0;0;0;0;0;0;0;0;0;0;223.98;0;0;0;0;0;0;0;0;0;0;0;0;218.65;0;0;0;0;0;0;0;0;0;0;0;0;213.33;0;0;0;0;0;0;0;0;0;0;0;0;208;0;0;0;0;0;0;0;0;0;0;0;0;202.68;0;0;0;0;0;0;0;0;0;0;0;0;197.36;0;0;0;0;0;0;0;0;0;0;0;0;192.03;1.3;1.21;0;0;0;0;0;0;0;0;0;0;186.71;4.49;4.07;0;0;0;0;0;0;0;0;0;0;181.38;7.53;6.62;0;0;0;0;0;0;0;0;0;0;176.06;7.18;6.16;0;0;0;0;0;0;0;0;0;0;170.73;10.21;8.55;0;0;0;0;0;0;0;0;0;0;165.41;12.59;10.26;0;0;0;0;0;0;0;0;0;0;160.09;14.64;11.62;0;0;0;0;0;0;0;0;0;0;154.76;16.48;12.72;0;0;0;0;0;0;0;0;0;0;149.44;18.18;13.63;0;0;0;0;0;0;0;0;0;0;144.11;19.78;14.4;0;0;0;0;0;0;0;0;0;0;138.79;22.51;15.98;0;0;0;0;0;0;0;0;0;0;133.47;24.1;16.59;0;0;0;0;0;0;0;0;0;0;128.14;25.51;16.98;0;0;0;0;0;0;0;0;0;0;122.82;26.86;17.28;0;0;0;0;0;0;0;0;0;0;117.49;28.19;17.49;0;0;0;0;0;0;0;0;0;0;112.17;29.5;17.63;0;0;0;0;0;0;0;0;0;0;106.84;31.69;18.32;0;0;0;0;0;0;0;0;0;0;101.52;33.21;18.46;0;0;0;0;0;0;0;0;0;0;96.2;34.56;18.41;0;0;0;0;0;0;0;0;0;0;90.87;35.88;18.26;0;0;0;0;0;0;0;0;0;0;85.55;37.2;18.04;0;0;0;0;0;0;0;0;0;0;80.22;38.53;17.74;0;0;0;0;0;0;0;0;0;0;74.9;39.14;16.93;0;0;0;0;0;0;0;0;0;0;69.57;40.26;16.37;0;0;0;0;0;0;0;0;0;0;64.25;40.11;15.03;0;0;0;0;0;0;0;0;0;0;58.93;36.01;11.9;0;0;0;0;0;0;0;0;0;0;53.6;0;0;0;0;0;0;0;0;0;0;0;0;48.28;0;0;0;0;0;0;0;0;0;0;0;0;42.95;0;0;0;0;0;0;0;0;0;0;0;0;37.63;0;0;0;0;0;0;0;0;0;0;0;0;32.31;0;0;0;0;0;0;0;0;0;0;0;0;26.98;0;0;0;0;0;0;0;0;0;0;0;0;21.66;0;0;0;0;0;0;0;0;0;0;0;0;16.33;0;0;0;0;0;0;0;0;0;0;0;0;11.01;0;0;0;0;0;0;0;0;0;0;0;0;5.68;0;0;0;0;0;0;0;0;0;0;0;0;0.36;0;0;0;0;0;0;0;0;0;0;0;0;
0;0;0;0;0;0.6;0;





