500;1;
150;;;;;
250;;;;;
350;;;;;
0;;;;;
0;;;;;
;
;;;;;
;;;;;
;;;;;
;;2;
1;;
2;
950;80;60;350;
4;2;1;3;0;1;
FAD16;- no foil -;- no foil -;
5;0.1;
2.8;;;
1000;;
1;4;2200;
2;2;60;;
2;5;5;
1;30000;35000;2;
;;;
;;;;;;;;;;;;;;;;;;;;;;;;;;;;;;;;;;;;;;;;;;;;;;;;;;;;;;;;;;;;;;;;;;;;;;;;;;;;;;;;;;;;;;;;;;;;;;;;;;;;;;;;;;;;;;;;
;;;;;;;;;;;;;;;;;;;;;;;;;;;FAD16;
239.95;0;0;0;0;0;0;0;0;0;0;0;0;234.63;0;0;0;0;0;0;0;0;0;0;0;0;229.3;0;0;0;0;0;0;0;0;0;0;0;0;223.98;0;0;0;0;0;0;0;0;0;0;0;0;218.65;0;0;0;0;0;0;0;0;0;0;0;0;213.33;0;0;0;0;0;0;0;0;0;0;0;0;208;0;0;0;0;0;0;0;0;0;0;0;0;202.68;0;0;0;0;0;0;0;0;0;0;0;0;197.36;0;0;0;0;0;0;0;0;0;0;0;0;192.03;0;0;0;0;0;0;0;0;0;0;0;0;186.71;0;0;0;0;0;0;0;0;0;0;0;0;181.38;0;0;0;0;0;0;0;0;0;0;0;0;176.06;0;0;0;0;0;0;0;0;0;0;0;0;170.73;1.18;0.98;0;0;0;0;0;0;0;0;0;0;165.41;5.15;4.13;0;0;0;0;0;0;0;0;0;0;160.09;7.2;5.62;0;0;0;0;0;0;0;0;0;0;154.76;10.25;7.77;0;0;0;0;0;0;0;0;0;0;149.44;12.64;9.31;0;0;0;0;0;0;0;0;0;0;144.11;14.7;10.5;0;0;0;0;0;0;0;0;0;0;138.79;16.55;11.46;0;0;0;0;0;0;0;0;0;0;133.47;19.66;13.24;0;0;0;0;0;0;0;0;0;0;128.14;21.35;13.91;0;0;0;0;0;0;0;0;0;0;122.82;22.84;14.37;0;0;0;0;0;0;0;0;0;0;117.49;25.37;15.47;0;0;0;0;0;0;0;0;0;0;112.17;26.93;15.83;0;0;0;0;0;0;0;0;0;0;106.84;29.27;16.63;0;0;0;0;0;0;0;0;0;0;101.52;31.69;17.41;0;0;0;0;0;0;0;0;0;0;96.2;33.28;17.54;0;0;0;0;0;0;0;0;0;0;90.87;35.47;17.99;0;0;0;0;0;0;0;0;0;0;85.55;37.06;17.94;0;0;0;0;0;0;0;0;0;0;80.22;38.48;17.71;0;0;0;0;0;0;0;0;0;0;74.9;40.57;17.82;0;0;0;0;0;0;0;0;0;0;69.57;42.24;17.55;0;0;0;0;0;0;0;0;0;0;64.25;43.78;17.1;0;0;0;0;0;0;0;0;0;0;58.93;44.65;16.17;0;0;0;0;0;0;0;0;0;0;53.6;45.27;15.03;0;0;0;0;0;0;0;0;0;0;48.28;0;0;0;0;0;0;0;0;0;0;0;0;42.95;0;0;0;0;0;0;0;0;0;0;0;0;37.63;0;0;0;0;0;0;0;0;0;0;0;0;32.31;0;0;0;0;0;0;0;0;0;0;0;0;26.98;0;0;0;0;0;0;0;0;0;0;0;0;21.66;0;0;0;0;0;0;0;0;0;0;0;0;16.33;0;0;0;0;0;0;0;0;0;0;0;0;11.01;0;0;0;0;0;0;0;0;0;0;0;0;5.68;0;0;0;0;0;0;0;0;0;0;0;0;0.36;0;0;0;0;0;0;0;0;0;0;0;0;
0;-4.2;0;0;=X17;1;0;





