250;1;
150;;;;;
1000;;;;;
100;;;;;
-1;;;;;
3;;;;;
120;
80;;;;;
270;;;;;
40;;;;;
700;50;3;
1;10;
3;
1080;50;60;250;
2;1;1;2;0.1;1;
TP74;TP74_f0570;TP74_f1070;
5;0.3;
2;2;2;
500;1500;
1;3;2200;
2;2;20;1;
2;9;6;
1;;;1;
1000;6.3;125;5;4;100;-5;52;11;0.05;
Plomb de centrage;=IF(COUNT(SUMPRODUCT(R8:R26,S6-S8:S26)/(S7-S6)),SUMPRODUCT(R8:R26,S6-S8:S26)/(S7-S6),"-");-250;-;Fuselage;250;160;1070;Ailes;350;100;200;Clé d'aile;75;75;-;Stab;90;=700-100+50;80;Servos fuselage;50;-100;-;Servos aile;50;100;-;Accu;75;-200;-;Récepteur;10;-200;-;;;;;;;;;;;;;;;;;;;;;;;;;;;;;;;;;;;;;;;;;;;;;
80;60;60;270;10;45;80;40;150;30;45;40;30;600;15;30;40;40;400;30;30;80;0.05;8;45;80;8.5;AG03;
111.38;0;0;0;0;0;0;0;0;0;0;0;0;108.91;0;0;0;0;0;0;0;0;0;0;0;0;106.45;0;0;0;0;0;0;0;0;0;0;0;0;103.98;0;0;0;0;0;0;0;0;0;0;0;0;101.51;0;0;0;0;0;0;0.18;0.09;0;0;0;0;99.04;3.87;1.86;0;0;0;0;1.71;0.82;0;0;0;0;96.58;6.03;2.84;0;0;0;0;3.19;1.49;0;0;0;0;94.11;10.41;4.8;0;0;0;0;4.62;2.11;0.21;0.09;0;0;91.64;13.39;6.06;1.59;0.71;0;0;5.18;2.31;1.85;0.82;0;0;89.18;15.79;7.01;6.05;2.63;0;0;5.18;2.25;3.44;1.49;0;0;86.71;17.85;7.75;8.55;3.62;0;0;7.33;3.1;4.92;2.07;0;0;84.24;20.49;8.74;12.05;4.99;0;0;7.34;3.01;5.2;2.13;0.13;0.05;81.77;22.78;9.54;14.7;5.96;0.42;0.16;8.99;3.59;5.21;2.07;1.88;0.75;79.31;24.83;10.19;17.91;7.12;5.62;2.16;10.37;4.03;7.36;2.85;3.56;1.37;76.84;26.67;10.72;20.56;8.01;8.59;3.22;11.6;4.38;9.01;3.39;5.15;1.92;74.37;28.77;11.34;22.47;8.54;12.29;4.5;11.62;4.25;9.03;3.28;5.23;1.89;71.91;30.78;11.9;24.99;9.31;15.24;5.44;12.82;4.54;10.5;3.7;5.28;1.85;69.44;32.74;12.4;27.36;9.98;17.82;6.2;13.85;4.75;11.74;4.01;7.47;2.53;66.97;34.66;12.86;29.62;10.58;21.1;7.18;14.91;4.95;12.96;4.28;9.21;3.02;64.5;36.77;13.39;31.47;10.97;23.41;7.76;15.05;4.82;13.08;4.16;9.3;2.93;62.04;38.68;13.79;33.68;11.48;26.28;8.51;15.98;4.93;14.14;4.34;10.75;3.27;59.57;40.4;14.08;36.04;12.04;28.46;8.97;16.13;4.78;15.23;4.51;12.11;3.55;57.1;42.33;14.45;37.74;12.28;31.14;9.58;17.14;4.89;16.29;4.64;12.23;3.44;54.64;44.12;14.72;40.11;12.78;33.3;9.97;17.2;4.7;16.35;4.45;13.42;3.62;52.17;46.1;15.06;41.87;12.99;35.32;10.27;18.19;4.76;17.37;4.53;14.62;3.78;49.7;48.04;15.36;44.03;13.35;37.88;10.74;18.39;4.59;17.57;4.37;14.78;3.64;47.23;49.92;15.59;46.03;13.6;40.1;11.05;18.47;4.38;17.65;4.17;15.85;3.72;44.77;51.68;15.74;47.93;13.78;42.21;11.28;18.68;4.21;18.68;4.21;16.03;3.57;42.3;53.43;15.84;50.18;14.09;44.32;11.47;17.95;3.81;18.79;4;16.12;3.4;39.83;55.48;16.09;52.07;14.2;46.91;11.83;18.05;3.61;18.05;3.61;17.16;3.42;37.37;57.26;16.14;54.26;14.43;48.87;11.89;18.28;3.43;18.28;3.43;17.38;3.25;34.9;59.26;16.3;56.14;14.45;51.42;12.15;17.51;3.06;18.42;3.23;17.51;3.06;32.43;61.34;16.49;58.38;14.63;53.48;12.17;16.68;2.7;18.57;3.03;17.65;2.87;29.97;63.17;16.46;60.35;14.62;56.09;12.38;9.33;1.36;16.71;2.5;17.68;2.65;27.5;65.33;16.63;62.69;14.79;58.33;12.38;0;0;6.46;0.86;14.88;2.03;25.03;67.28;16.6;64.81;14.78;61.06;12.57;0;0;0;0;0;0;22.56;69.35;16.63;67.04;14.79;63.49;12.57;0;0;0;0;0;0;20.1;71.45;16.63;69.33;14.8;66.08;12.58;0;0;0;0;0;0;17.63;73.64;16.68;71.73;14.83;68.8;12.62;0;0;0;0;0;0;15.16;75.9;16.77;74.23;14.91;71.4;12.51;0;0;0;0;0;0;12.7;78.08;16.71;76.64;14.84;74.39;12.63;0;0;0;0;0;0;10.23;80.38;16.77;79.17;14.86;77.11;12.42;0;0;0;0;0;0;7.76;82.69;16.8;81.76;14.89;80.18;12.45;0;0;0;0;0;0;5.29;84.95;16.65;84.28;14.69;83.22;12.37;0;0;0;0;0;0;2.83;87.31;16.72;86.95;14.72;86.37;12.36;0;0;0;0;0;0;0.36;89.66;16.75;89.61;14.69;89.53;12.26;0;0;0;0;0;0;
0;-13;60;60;-13;0.6;0.4;
0;0;100;-6.407;0.245;-0.001;-0.266;0.156;51.675;51.675;52;1.214;;0.15;1.437;99.844;-6.467;0.199;-0.027;0.006;0.145;51.838;51.838;52.117;0.971;;0.3;3.599;99.618;-6.673;0.196;-0.029;0.022;0.145;51.989;51.989;52.286;0.963;;0.45;5.767;99.383;-6.838;0.196;-0.029;0.021;0.145;52.156;52.156;52.47;0.97;;0.6;7.943;99.143;-6.958;0.196;-0.029;0.021;0.144;52.338;52.338;52.666;0.978;;0.75;10.126;98.897;-7.034;0.196;-0.029;0.021;0.144;52.532;52.532;52.869;0.986;;0.9;12.318;98.648;-7.066;0.196;-0.029;0.021;0.144;52.734;52.734;53.075;0.993;;1.05;14.518;98.397;-7.053;0.196;-0.029;0.021;0.144;52.939;52.939;53.28;1.001;;1.2;16.727;98.147;-6.995;0.196;-0.029;0.021;0.144;53.144;53.144;53.481;1.009;;1.35;18.944;97.898;-6.892;0.197;-0.029;0.02;0.143;53.345;53.345;53.672;1.017;;1.5;21.169;97.653;-6.746;0.197;-0.029;0.019;0.143;53.537;53.537;53.85;1.025;;1.65;23.403;97.413;-6.558;0.197;-0.028;0.018;0.143;53.716;53.716;54.012;1.032;;1.8;25.643;97.181;-6.331;0.197;-0.028;0.016;0.143;53.879;53.879;54.154;1.039;;1.95;27.89;96.957;-6.067;0.198;-0.028;0.014;0.143;54.02;54.02;54.272;1.046;;2.1;30.143;96.743;-5.771;0.198;-0.028;0.012;0.143;54.137;54.137;54.363;1.051;;2.25;32.4;96.541;-5.448;0.198;-0.028;0.009;0.143;54.227;54.227;54.426;1.056;;2.4;34.66;96.351;-5.102;0.199;-0.027;0.007;0.143;54.285;54.285;54.458;1.06;;2.55;36.922;96.175;-4.739;0.199;-0.027;0.004;0.143;54.31;54.31;54.457;1.063;;2.7;39.185;96.014;-4.365;0.2;-0.027;0.001;0.143;54.301;54.301;54.423;1.064;;2.85;41.447;95.867;-3.987;0.2;-0.027;-0.002;0.143;54.256;54.256;54.355;1.065;;3;43.707;95.735;-3.611;0.201;-0.026;-0.005;0.144;54.175;54.175;54.254;1.064;;3.15;45.963;95.618;-3.243;0.201;-0.026;-0.008;0.144;54.058;54.058;54.119;1.062;;3.3;48.213;95.515;-2.892;0.202;-0.026;-0.011;0.144;53.907;53.907;53.954;1.058;;3.45;50.457;95.425;-2.562;0.202;-0.025;-0.014;0.144;53.723;53.723;53.758;1.053;;3.6;52.692;95.349;-2.261;0.203;-0.025;-0.017;0.145;53.511;53.511;53.536;1.048;;3.75;54.919;95.283;-1.995;0.203;-0.025;-0.02;0.145;53.272;53.272;53.29;1.041;;3.9;57.135;95.228;-1.769;0.204;-0.025;-0.023;0.145;53.011;53.011;53.024;1.033;;4.05;59.34;95.181;-1.59;0.204;-0.024;-0.025;0.146;52.732;52.732;52.742;1.024;;4.2;61.533;95.14;-1.463;0.205;-0.024;-0.027;0.146;52.441;52.441;52.449;1.015;;4.35;63.714;95.103;-1.39;0.205;-0.024;-0.029;0.147;52.143;52.143;52.149;1.005;;4.5;65.882;95.068;-1.376;0.205;-0.024;-0.031;0.147;51.842;51.842;51.849;0.995;;4.65;68.038;95.033;-1.424;0.205;-0.024;-0.032;0.147;51.545;51.545;51.552;0.984;;4.8;70.182;94.996;-1.535;0.206;-0.024;-0.032;0.148;51.257;51.257;51.266;0.974;;4.95;72.314;94.954;-1.709;0.205;-0.024;-0.032;0.148;50.983;50.983;50.995;0.964;;5.1;74.434;94.905;-1.947;0.205;-0.024;-0.031;0.148;50.728;50.728;50.745;0.954;;5.25;76.545;94.847;-2.246;0.205;-0.024;-0.03;0.148;50.498;50.498;50.522;0.944;;5.4;78.646;94.778;-2.603;0.205;-0.024;-0.028;0.148;50.296;50.296;50.331;0.935;;5.55;80.739;94.695;-3.015;0.204;-0.024;-0.025;0.149;50.127;50.127;50.176;0.927;;5.7;82.826;94.597;-3.476;0.204;-0.025;-0.021;0.149;49.995;49.995;50.063;0.919;;5.85;84.908;94.482;-3.978;0.203;-0.025;-0.017;0.148;49.902;49.902;49.994;0.913;;6;86.986;94.349;-4.514;0.202;-0.026;-0.012;0.148;49.851;49.851;49.973;0.908;;6.15;89.063;94.197;-5.076;0.201;-0.026;-0.006;0.148;49.844;49.844;50.002;0.904;;6.3;91.14;94.024;-5.651;0.2;-0.027;0;0.148;49.882;49.882;50.082;0.902;;6.45;93.22;93.831;-6.231;0.199;-0.027;0.006;0.148;49.966;49.966;50.214;0.902;;6.6;95.303;93.616;-6.803;0.198;-0.028;0.013;0.147;50.096;50.096;50.396;0.903;;6.75;97.393;93.38;-7.354;0.197;-0.029;0.019;0.147;50.272;50.272;50.627;0.906;;6.9;99.49;93.124;-7.874;0.196;-0.029;0.024;0.146;50.492;50.492;50.905;0.911;;7.05;101.598;92.848;-8.351;0.195;-0.03;0.03;0.146;50.754;50.754;51.224;0.918;;7.2;103.716;92.554;-8.772;0.194;-0.03;0.034;0.145;51.057;51.057;51.582;0.927;;7.35;105.848;92.243;-9.129;0.194;-0.03;0.038;0.145;51.396;51.396;51.971;0.937;;7.5;107.995;91.917;-9.411;0.193;-0.031;0.041;0.144;51.768;51.768;52.385;0.949;;7.65;110.157;91.579;-9.612;0.193;-0.031;0.043;0.144;52.167;52.167;52.818;0.963;;7.8;112.337;91.232;-9.724;0.193;-0.031;0.044;0.143;52.588;52.588;53.26;0.979;;7.95;114.534;90.879;-9.744;0.192;-0.031;0.044;0.143;53.024;53.024;53.705;0.995;;8.1;116.75;90.524;-9.669;0.193;-0.031;0.043;0.142;53.468;53.468;54.144;1.012;;8.25;118.984;90.169;-9.499;0.193;-0.031;0.042;0.142;53.911;53.911;54.567;1.029;;8.4;121.236;89.82;-9.234;0.193;-0.031;0.039;0.142;54.345;54.345;54.967;1.047;;8.55;123.506;89.48;-8.879;0.194;-0.03;0.037;0.141;54.759;54.759;55.336;1.064;;8.7;125.793;89.153;-8.438;0.194;-0.03;0.033;0.141;55.145;55.145;55.666;1.08;;8.85;128.096;88.842;-7.918;0.195;-0.03;0.029;0.141;55.491;55.491;55.949;1.095;;9;130.412;88.552;-7.326;0.196;-0.029;0.025;0.141;55.79;55.79;56.18;1.109;;9.15;132.741;88.285;-6.672;0.197;-0.029;0.02;0.141;56.033;56.033;56.353;1.121;;9.3;135.078;88.044;-5.966;0.197;-0.028;0.015;0.141;56.21;56.21;56.462;1.13;;9.45;137.422;87.832;-5.22;0.198;-0.028;0.01;0.141;56.316;56.316;56.504;1.138;;9.6;139.769;87.65;-4.446;0.199;-0.027;0.005;0.141;56.346;56.346;56.477;1.142;;9.75;142.116;87.501;-3.655;0.2;-0.027;-0.001;0.141;56.295;56.295;56.38;1.144;;9.9;144.46;87.383;-2.861;0.201;-0.026;-0.006;0.142;56.164;56.164;56.211;1.143;;10.05;146.798;87.298;-2.077;0.202;-0.026;-0.012;0.142;55.95;55.95;55.972;1.139;;10.2;149.125;87.244;-1.317;0.203;-0.025;-0.018;0.143;55.659;55.659;55.664;1.133;;10.35;151.439;87.22;-0.592;0.204;-0.025;-0.023;0.143;55.292;55.292;55.292;1.124;;10.5;153.737;87.225;0.082;0.205;-0.024;-0.029;0.144;54.857;54.857;54.86;1.112;;10.65;156.016;87.255;0.695;0.206;-0.023;-0.035;0.144;54.362;54.362;54.373;1.099;;10.8;158.274;87.307;1.233;0.207;-0.023;-0.041;0.145;53.815;53.815;53.838;1.083;;10.95;160.508;87.378;1.686;0.208;-0.022;-0.047;0.146;53.227;53.227;53.264;1.065;;11.1;162.718;87.465;2.042;0.209;-0.022;-0.053;0.147;52.609;52.609;52.657;1.047;;11.25;164.901;87.562;2.291;0.21;-0.021;-0.058;0.148;51.972;51.972;52.029;1.027;;11.4;167.057;87.666;2.424;0.211;-0.021;-0.063;0.148;51.328;51.328;51.39;1.006;;11.55;169.187;87.771;2.435;0.212;-0.02;-0.068;0.149;50.688;50.688;50.75;0.985;;11.7;171.29;87.874;2.317;0.212;-0.02;-0.071;0.15;50.065;50.065;50.121;0.964;;11.85;173.368;87.969;2.065;0.213;-0.02;-0.074;0.151;49.47;49.47;49.515;0.943;;12;175.421;88.052;1.678;0.213;-0.02;-0.075;0.152;48.912;48.912;48.944;0.922;;12.15;177.452;88.119;1.155;0.213;-0.02;-0.075;0.152;48.402;48.402;48.419;0.903;;12.3;179.462;88.166;0.499;0.212;-0.02;-0.073;0.153;47.948;47.948;47.953;0.884;;12.45;181.455;88.188;-0.286;0.212;-0.02;-0.069;0.153;47.557;47.557;47.557;0.866;;12.6;183.431;88.181;-1.192;0.211;-0.021;-0.063;0.153;47.237;47.237;47.242;0.85;;12.75;185.396;88.143;-2.207;0.209;-0.022;-0.054;0.153;46.993;46.993;47.016;0.835;;12.9;187.352;88.069;-3.317;0.207;-0.023;-0.043;0.153;46.83;46.83;46.889;0.823;;13.05;189.301;87.958;-4.505;0.205;-0.024;-0.03;0.153;46.751;46.751;46.867;0.812;;13.2;191.249;87.807;-5.749;0.203;-0.025;-0.015;0.152;46.758;46.758;46.956;0.804;;13.35;193.199;87.614;-7.025;0.2;-0.027;0.002;0.151;46.854;46.854;47.157;0.799;;13.5;195.153;87.377;-8.309;0.197;-0.029;0.019;0.15;47.037;47.037;47.471;0.797;;13.65;197.116;87.095;-9.57;0.194;-0.03;0.035;0.149;47.31;47.31;47.896;0.798;;13.8;199.092;86.769;-10.78;0.191;-0.032;0.051;0.148;47.67;47.67;48.428;0.803;;13.95;201.085;86.399;-11.909;0.189;-0.033;0.066;0.147;48.116;48.116;49.06;0.813;;14.1;203.097;85.986;-12.929;0.187;-0.034;0.078;0.146;48.647;48.647;49.781;0.827;;14.25;205.132;85.533;-13.813;0.185;-0.035;0.087;0.145;49.261;49.261;50.581;0.846;;14.4;207.194;85.043;-14.537;0.184;-0.036;0.093;0.144;49.953;49.953;51.444;0.869;;14.55;209.286;84.52;-15.082;0.183;-0.036;0.097;0.142;50.719;50.719;52.357;0.897;;14.7;211.41;83.971;-15.432;0.183;-0.036;0.097;0.141;51.552;51.552;53.3;0.929;;14.85;213.57;83.401;-15.577;0.184;-0.036;0.096;0.141;52.442;52.442;54.258;0.964;;15;215.768;82.818;-15.512;0.184;-0.036;0.092;0.14;53.378;53.378;55.212;1.003;;15.15;218.006;82.229;-15.237;0.185;-0.035;0.086;0.139;54.343;54.343;56.142;1.043;;15.3;220.284;81.644;-14.755;0.186;-0.034;0.079;0.138;55.318;55.318;57.031;1.083;;15.45;222.602;81.072;-14.077;0.188;-0.034;0.072;0.138;56.283;56.283;57.861;1.124;;15.6;224.96;80.521;-13.214;0.189;-0.033;0.063;0.138;57.212;57.212;58.615;1.163;;15.75;227.356;80.002;-12.181;0.191;-0.032;0.055;0.137;58.079;58.079;59.279;1.199;;15.9;229.787;79.522;-10.997;0.192;-0.031;0.046;0.137;58.859;58.859;59.838;1.232;;16.05;232.249;79.089;-9.682;0.194;-0.03;0.038;0.137;59.524;59.524;60.28;1.261;;16.2;234.737;78.712;-8.257;0.195;-0.03;0.029;0.137;60.052;60.052;60.595;1.285;;16.35;237.245;78.396;-6.743;0.197;-0.029;0.02;0.137;60.422;60.422;60.775;1.303;;16.5;239.766;78.146;-5.166;0.198;-0.028;0.012;0.137;60.615;60.615;60.812;1.316;;16.65;242.292;77.966;-3.547;0.199;-0.027;0.003;0.138;60.62;60.62;60.704;1.322;;16.8;244.816;77.857;-1.912;0.201;-0.026;-0.005;0.138;60.431;60.431;60.449;1.321;;16.95;247.329;77.819;-0.283;0.202;-0.025;-0.014;0.139;60.047;60.047;60.047;1.314;;17.1;249.824;77.851;1.315;0.204;-0.025;-0.023;0.14;59.473;59.473;59.502;1.302;;17.25;252.292;77.951;2.858;0.206;-0.024;-0.033;0.141;58.72;58.72;58.819;1.283;;17.4;254.727;78.112;4.323;0.207;-0.023;-0.043;0.142;57.805;57.805;58.005;1.259;;17.55;257.121;78.331;5.687;0.209;-0.022;-0.054;0.143;56.746;56.746;57.07;1.23;;17.7;259.469;78.599;6.928;0.211;-0.021;-0.065;0.144;55.569;55.569;56.026;1.198;;17.85;261.767;78.91;8.022;0.213;-0.019;-0.077;0.145;54.298;54.298;54.886;1.162;;18;264.011;79.253;8.949;0.215;-0.018;-0.09;0.147;52.961;52.961;53.666;1.123;;18.15;266.199;79.621;9.688;0.218;-0.017;-0.104;0.149;51.585;51.585;52.382;1.083;;18.3;268.329;80.004;10.219;0.22;-0.015;-0.119;0.151;50.198;50.198;51.054;1.042;;18.45;270.401;80.393;10.523;0.223;-0.014;-0.135;0.153;48.825;48.825;49.702;1.001;;18.6;272.417;80.777;10.584;0.226;-0.012;-0.151;0.155;47.489;47.489;48.347;0.96;;18.75;274.378;81.15;10.384;0.229;-0.011;-0.168;0.157;46.213;46.213;47.012;0.92;;18.9;276.286;81.501;9.91;0.231;-0.009;-0.184;0.16;45.016;45.016;45.72;0.881;;19.05;278.146;81.823;9.151;0.234;-0.008;-0.199;0.162;43.915;43.915;44.498;0.845;;19.2;279.962;82.109;8.099;0.236;-0.007;-0.211;0.164;42.924;42.924;43.369;0.81;;19.35;281.738;82.352;6.751;0.237;-0.006;-0.219;0.166;42.058;42.058;42.36;0.777;;19.5;283.48;82.545;5.106;0.238;-0.006;-0.22;0.168;41.326;41.326;41.497;0.747;;19.65;285.193;82.682;3.173;0.236;-0.006;-0.213;0.168;40.738;40.738;40.804;0.719;;19.8;286.884;82.758;0.967;0.233;-0.008;-0.196;0.169;40.299;40.299;40.307;0.692;;19.95;288.559;82.767;-1.488;0.229;-0.011;-0.167;0.168;40.015;40.015;40.025;0.666;;20.1;290.224;82.705;-4.157;0.222;-0.015;-0.126;0.167;39.885;39.885;39.977;0.643;;20.25;291.886;82.566;-6.995;0.213;-0.02;-0.074;0.164;39.908;39.908;40.176;0.621;;20.4;293.55;82.345;-9.943;0.202;-0.025;-0.014;0.162;40.08;40.08;40.631;0.601;;20.55;295.224;82.038;-12.933;0.191;-0.032;0.05;0.159;40.394;40.394;41.344;0.586;;20.7;296.913;81.64;-15.885;0.181;-0.038;0.113;0.155;40.843;40.843;42.311;0.576;;20.85;298.623;81.147;-18.715;0.171;-0.043;0.168;0.152;41.422;41.422;43.519;0.574;;21;300.358;80.559;-21.334;0.164;-0.047;0.212;0.15;42.132;42.132;44.949;0.583;;21.15;302.125;79.875;-23.659;0.159;-0.05;0.241;0.147;42.981;42.981;46.575;0.604;;21.3;303.929;79.096;-25.614;0.156;-0.051;0.256;0.145;43.982;43.982;48.367;0.64;;21.45;305.777;78.229;-27.138;0.156;-0.051;0.256;0.142;45.156;45.156;50.287;0.692;;21.6;307.677;77.282;-28.188;0.158;-0.05;0.245;0.14;46.522;46.522;52.297;0.758;;21.75;309.637;76.266;-28.739;0.161;-0.049;0.226;0.138;48.097;48.097;54.357;0.838;;21.9;311.665;75.195;-28.787;0.165;-0.046;0.203;0.137;49.884;49.884;56.426;0.928;;22.05;313.771;74.086;-28.344;0.17;-0.044;0.178;0.135;51.872;51.872;58.463;1.025;;22.2;315.962;72.959;-27.434;0.174;-0.041;0.152;0.134;54.03;54.03;60.43;1.126;;22.35;318.244;71.836;-26.094;0.178;-0.039;0.129;0.133;56.309;56.309;62.291;1.228;;22.5;320.623;70.738;-24.364;0.182;-0.037;0.107;0.132;58.644;58.644;64.01;1.326;;22.65;323.099;69.689;-22.289;0.185;-0.035;0.088;0.132;60.957;60.957;65.557;1.419;;22.8;325.669;68.711;-19.914;0.188;-0.034;0.071;0.131;63.161;63.161;66.902;1.503;;22.95;328.33;67.826;-17.286;0.19;-0.032;0.056;0.131;65.168;65.168;68.02;1.577;;23.1;331.07;67.054;-14.447;0.193;-0.031;0.043;0.131;66.889;66.889;68.889;1.639;;23.25;333.877;66.414;-11.441;0.195;-0.03;0.031;0.131;68.247;68.247;69.491;1.687;;23.4;336.735;65.919;-8.31;0.197;-0.029;0.02;0.131;69.175;69.175;69.812;1.721;;23.55;339.625;65.58;-5.094;0.198;-0.028;0.009;0.132;69.623;69.623;69.843;1.74;;23.7;342.527;65.404;-1.831;0.2;-0.027;-0.001;0.132;69.56;69.56;69.579;1.744;;23.85;345.419;65.392;1.438;0.202;-0.026;-0.012;0.133;68.978;68.978;69.018;1.732;;24;348.279;65.543;4.679;0.204;-0.025;-0.022;0.134;67.889;67.889;68.165;1.706;;24.15;351.088;65.849;7.853;0.206;-0.024;-0.034;0.135;66.324;66.324;67.028;1.667;;24.3;353.825;66.298;10.925;0.208;-0.022;-0.046;0.136;64.334;64.334;65.619;1.615;;24.45;356.474;66.878;13.861;0.21;-0.021;-0.059;0.138;61.981;61.981;63.953;1.553;;24.6;359.02;67.569;16.625;0.213;-0.02;-0.075;0.139;59.339;59.339;62.051;1.482;;24.75;361.454;68.353;19.185;0.216;-0.018;-0.093;0.142;56.487;56.487;59.934;1.404;;24.9;363.766;69.208;21.506;0.219;-0.016;-0.113;0.144;53.504;53.504;57.627;1.321;;25.05;365.953;70.113;23.555;0.224;-0.013;-0.138;0.147;50.464;50.464;55.157;1.236;;25.2;368.014;71.048;25.3;0.229;-0.011;-0.169;0.151;47.436;47.436;52.552;1.15;;25.35;369.949;71.99;26.705;0.235;-0.007;-0.206;0.156;44.48;44.48;49.842;1.066;;25.5;371.762;72.92;27.737;0.243;-0.002;-0.253;0.161;41.643;41.643;47.06;0.985;;25.65;373.46;73.821;28.361;0.253;0.003;-0.311;0.168;38.962;38.962;44.239;0.909;;25.8;375.048;74.677;28.54;0.266;0.01;-0.385;0.176;36.465;36.465;41.416;0.839;;25.95;376.535;75.474;28.236;0.282;0.019;-0.479;0.185;34.168;34.168;38.631;0.777;;26.1;377.929;76.2;27.408;0.302;0.031;-0.597;0.197;32.08;32.08;35.926;0.723;;26.25;379.239;76.846;26.016;0.327;0.045;-0.744;0.211;30.207;30.207;33.349;0.678;;26.4;380.474;77.405;24.018;0.357;0.062;-0.923;0.23;28.55;28.55;30.952;0.642;;26.55;381.643;77.871;21.369;0.393;0.082;-1.13;0.255;27.113;27.113;28.792;0.613;;26.7;382.755;78.243;18.03;0.431;0.104;-1.355;0.284;25.905;25.905;26.932;0.592;;26.85;383.82;78.518;13.965;0.468;0.124;-1.568;0.312;24.939;24.939;25.44;0.574;;27;384.848;78.694;9.145;0.494;0.139;-1.72;0.335;24.237;24.237;24.383;0.558;;27.15;385.852;78.772;3.558;0.498;0.141;-1.746;0.341;23.819;23.819;23.821;0.537;;27.3;386.841;78.749;-2.781;0.47;0.126;-1.584;0.321;23.699;23.699;23.804;0.506;;27.45;387.83;78.619;-9.82;0.406;0.089;-1.207;0.278;23.865;23.865;24.37;0.455;;27.6;388.83;78.373;-17.445;0.311;0.036;-0.649;0.228;24.258;24.258;25.536;0.377;;27.75;389.847;77.993;-25.465;0.201;-0.026;-0.007;0.196;24.755;24.755;27.304;0.27;;27.9;390.885;77.457;-33.597;0.099;-0.084;0.591;0.177;25.175;25.175;29.656;0.142;;28.05;391.937;76.739;-41.472;0.024;-0.126;1.031;0.168;25.332;25.332;32.557;0.014;;28.2;392.991;75.815;-48.672;-0.014;-0.148;1.256;0.166;25.115;25.115;35.941;-0.081;;28.35;394.031;74.668;-54.784;-0.017;-0.15;1.275;0.16;24.589;24.589;39.713;-0.109;;28.5;395.047;73.293;-59.478;0.005;-0.137;1.145;0.151;24.031;24.031;43.765;-0.048;;28.65;396.044;71.698;-62.567;0.04;-0.117;0.938;0.144;23.857;23.857;47.991;0.102;;28.8;397.044;69.898;-64.019;0.078;-0.096;0.718;0.138;24.488;24.488;52.295;0.323;;28.95;398.085;67.915;-63.944;0.111;-0.077;0.522;0.134;26.234;26.234;56.604;0.59;;29.1;399.216;65.778;-62.538;0.137;-0.062;0.367;0.131;29.235;29.235;60.857;0.875;;29.25;400.489;63.519;-60.033;0.157;-0.051;0.254;0.129;33.47;33.47;64.999;1.159;;29.4;401.954;61.175;-56.652;0.17;-0.044;0.176;0.128;38.79;38.79;68.976;1.43;;29.55;403.654;58.793;-52.584;0.179;-0.039;0.124;0.127;44.965;44.965;72.735;1.682;;29.7;405.62;56.423;-47.979;0.185;-0.035;0.09;0.126;51.712;51.712;76.22;1.914;;29.85;407.872;54.122;-42.949;0.189;-0.033;0.067;0.125;58.717;58.717;79.378;2.125;;30;410.415;51.947;-37.578;0.191;-0.032;0.051;0.124;65.653;65.653;82.156;2.313;;



**********************************
**                                                            **
**      Modèle exemple de PredimRC       **
**                                                            **
**      Planeur polyvalent de 2 m             **
**                                                            **
**********************************
