250;1;
150;;;;;
1000;;;;;
100;;;;;
0;;;;;
3;;;;;
200;
150;;;;;
700;;;;;
50;;;;;
500;-50;4;
1;10;
3;
1070;50;60;250;
2;1;1;1;0.1;1;
NACA2412;HQ1512;SB96v;
5;0.3;
1.3;1.6;1.7;
1500;;
1;3;2200;
2;3;30;1;
3;8;6;
1;;;1;
;;;
;;;;;;;;;;;;;;;;;;;;;;;;;;;;;;;;;;;;;;;;;;;;;;;;;;;;;;;;;;;;;;;;;;;;;;;;;;;;;;;;;;;;;;;;;;;;;;;;;;;;;;;;;;;;;;;;
;;;;;;;;;;;;;;;;;;;;;;;;;;;NACA2412;
131.76;0;0;0;0;0;0;0;0;0;0;0;0;128.84;0;0;0;0;0;0;0;0;0;0;0;0;125.92;0;0;0;0;0;0;0;0;0;0;0;0;123;0;0;0;0;0;0;0;0;0;0;0;0;120.08;0;0;0;0;0;0;0;0;0;0;0;0;117.16;0;0;0;0;0;0;0;0;0;0;0;0;114.24;0;0;0;0;0.31;0.17;0;0;0;0;0;0;111.32;1.22;0.66;1.12;0.61;2.28;1.23;0;0;0;0;0;0;108.4;3.19;1.68;3.04;1.6;4.19;2.2;0;0;0;0;0;0;105.48;5.08;2.6;4.88;2.49;5.41;2.78;0;0;0;0;0;0;102.56;5.42;2.7;5.42;2.7;5.42;2.7;0;0;0;0;0;0;99.64;7.72;3.75;5.47;2.65;7.72;3.75;0;0;0;0;0;0;96.72;7.73;3.65;7.73;3.65;9.45;4.47;0;0;0;0;0;0;93.8;9.53;4.37;9.53;4.37;10.98;5.06;0;0;0;0;0;0;90.88;11.08;4.94;11.08;4.94;12.36;5.53;0;0;0;0;0;0;87.96;12.48;5.41;12.48;5.41;13.64;5.93;0;0;0;0;0;0;85.04;13.77;5.79;13.77;5.79;14.84;6.26;0;0;0;0;0;0;82.12;14.98;6.1;14.98;6.1;15.98;6.53;0;0;0;0;0;0;79.2;16.13;6.36;16.13;6.36;17.08;6.76;0;0;0;0;0;0;76.28;17.25;6.58;17.25;6.58;18.14;6.94;0;0;0;0;0;0;73.36;18.33;6.75;18.33;6.75;19.18;7.09;0;0;0;0;0;0;70.44;19.38;6.88;18.52;6.55;19.38;6.88;0;0;0;0;0;0;67.52;20.27;6.93;19.45;6.62;21.06;7.22;0;0;0;0;0;0;64.6;21.27;6.98;20.48;6.7;21.27;6.98;0;0;0;0;0;0;61.68;22.26;7.01;21.5;6.75;22.26;7.01;0;0;0;0;0;0;58.76;22.52;6.77;22.52;6.77;23.26;7.02;0;0;0;0;0;0;55.84;23.54;6.76;22.8;6.52;23.54;6.76;0;0;0;0;0;0;52.92;23.68;6.45;23.68;6.45;24.4;6.67;0;0;0;0;0;0;50;23.96;6.17;23.96;6.17;24.69;6.38;0;0;0;0;0;0;47.08;24.85;6.06;24.85;6.06;25.55;6.25;0;0;0;0;0;0;44.16;25.88;5.95;25.88;5.95;26.56;6.13;0;0;0;0;0;0;41.24;26.96;5.83;26.26;5.65;26.96;5.83;0;0;0;0;0;0;38.32;27.21;5.47;27.21;5.47;27.88;5.63;0;0;0;0;0;0;35.4;27.63;5.15;27.63;5.15;27.63;5.15;0;0;0;0;0;0;32.48;27.24;4.64;27.24;4.64;27.95;4.79;0;0;0;0;0;0;29.56;26.63;4.12;26.63;4.12;26.63;4.12;0;0;0;0;0;0;26.64;23.43;3.21;22.5;3.07;0;0;0;0;0;0;0;0;23.72;0;0;0;0;0;0;0;0;0;0;0;0;20.8;0;0;0;0;0;0;0;0;0;0;0;0;17.88;0;0;0;0;0;0;0;0;0;0;0;0;14.96;0;0;0;0;0;0;0;0;0;0;0;0;12.04;0;0;0;0;0;0;0;0;0;0;0;0;9.12;0;0;0;0;0;0;0;0;0;0;0;0;6.2;0;0;0;0;0;0;0;0;0;0;0;0;3.28;0;0;0;0;0;0;0;0;0;0;0;0;0.36;0;0;0;0;0;0;0;0;0;0;0;0;
0;0;0;0;0;0.6;0;





