200;1;
100;;;;;
500;;;;;
100;;;;;
0;;;;;
0;;;;;
90;
51.42136;;;;;
106.066;;;;;
50;;;;;
873.163023;0;2;
1;20;
0.09;
1173.16302;100;50;210;
2;2;1;1;0;2;
NACA2410;- no foil -;- no foil -;
5;0.2;
1;;;
150;200;
1;3;2200;
2;2;30;1;
2;7;6;
1;14421;=1831*10.5;1;
1000;7;107;5;3;0.1;0;0;1;0.05;
Plomb de centrage;=IF(COUNT(SUMPRODUCT(R8:R26,S6-S8:S26)/(S7-S6)),SUMPRODUCT(R8:R26,S6-S8:S26)/(S7-S6),"-");-250;-;Fuselage;250;160;1070;Ailes;350;100;200;Clé d'aile;75;75;-;Stab;90;=700-100+50;80;Servos fuselage;50;-100;-;Servos aile;50;100;-;Accu;75;-200;-;Récepteur;10;-200;-;;;;;;;;;;;;;;;;;;;;;;;;;;;;;;;;;;;;;;;;;;;;;
100;30;30;360;10;30;50;30;120;25;30;60;40;270;15;30;;;;;;100;0.05;8;30;100;15;2;
146.16;0;0;0;0;0;0;0;0;0;0;0;0;142.92;0;0;0;0;0;0;0;0;0;0;0;0;139.68;0;0;0;0;0;0;0;0;0;0;0;0;136.44;0;0;0;0;0;0;0.3;0.2;0;0;0;0;133.2;0.47;0.3;0;0;0;0;0.94;0.61;0;0;0;0;129.96;2.94;1.85;0;0;0;0;1.54;0.97;0;0;0;0;126.72;4.01;2.47;0;0;0;0;2.09;1.28;0;0;0;0;123.48;6.41;3.86;0;0;0;0;2.59;1.55;0;0;0;0;120.24;8.26;4.85;0;0;0;0;3.05;1.77;0;0;0;0;117;9.87;5.66;0;0;0;0;3.44;1.95;0;0;0;0;113.76;11.75;6.57;0;0;0;0;3.79;2.09;0;0;0;0;110.52;13.2;7.2;0;0;0;0;4.07;2.18;0;0;0;0;107.28;14.57;7.74;0;0;0;0;4.3;2.23;0;0;0;0;104.04;16.23;8.41;0;0;0;0;4.45;2.25;0;0;0;0;100.8;17.66;8.91;0;0;0;0;4.54;2.22;0;0;0;0;97.56;19.04;9.35;0;0;0;0;4.55;2.15;0;0;0;0;94.32;20.15;9.62;0;0;0;0;4.48;2.05;0;0;0;0;91.08;21.48;9.96;0;0;0;0;4.32;1.91;0;0;0;0;87.84;22.63;10.17;0;0;0;0;4.06;1.73;0;0;0;0;84.6;24.02;10.47;0;0;0;0;3.67;1.51;0;0;0;0;81.36;24.99;10.54;0;0;0;0;3.14;1.24;0;0;0;0;78.12;26.08;10.62;0;0;0;0;2.36;0.89;0;0;0;0;74.88;27.25;10.71;0;0;0;0;1.26;0.46;0;0;0;0;71.64;28.21;10.67;0;0;0;0;0;0;0;0;0;0;68.4;29.1;10.57;0;0;0;0;0;0;0;0;0;0;65.16;29.96;10.43;0;0;0;0;0;0;0;0;0;0;61.92;30.57;10.16;0;0;0;0;0;0;0;0;0;0;58.68;31.33;9.92;0;0;0;0;0;0;0;0;0;0;55.44;32.46;9.8;0;0;0;0;0;0;0;0;0;0;52.2;33.02;9.42;0;0;0;0;0;0;0;0;0;0;48.96;33.82;9.11;0;0;0;0;0;0;0;0;0;0;45.72;34.23;8.64;0;0;0;0;0;0;0;0;0;0;42.48;33.84;7.91;0;0;0;0;0;0;0;0;0;0;39.24;32.65;6.98;0;0;0;0;0;0;0;0;0;0;36;27.27;5.16;0;0;0;0;0;0;0;0;0;0;32.76;0;0;0;0;0;0;0;0;0;0;0;0;29.52;0;0;0;0;0;0;0;0;0;0;0;0;26.28;0;0;0;0;0;0;0;0;0;0;0;0;23.04;0;0;0;0;0;0;0;0;0;0;0;0;19.8;0;0;0;0;0;0;0;0;0;0;0;0;16.56;0;0;0;0;0;0;0;0;0;0;0;0;13.32;0;0;0;0;0;0;0;0;0;0;0;0;10.08;0;0;0;0;0;0;0;0;0;0;0;0;6.84;0;0;0;0;0;0;0;0;0;0;0;0;3.6;0;0;0;0;0;0;0;0;0;0;0;0;0.36;0;0;0;0;0;0;0;0;0;0;0;0;
0;0;60;60;0;0.6;0.25;
0;0;0.1;0;0.2;-0.074;-0.324;0.878;5;5;5;0.004;;0.21;0.447;0.1;0;0.2;-0.074;-0.324;0.4;19.715;19.715;19.715;0.058;;0.42;1.696;0.1;0;0.2;-0.074;-0.324;0.355;24.728;24.728;24.728;0.092;;0.63;3.233;0.1;0;0.2;-0.074;-0.324;0.324;29.544;29.544;29.544;0.131;;0.84;5.047;0.1;0;0.2;-0.074;-0.324;0.302;34.166;34.166;34.166;0.175;;1.05;7.127;0.1;0;0.2;-0.074;-0.324;0.285;38.599;38.599;38.599;0.223;;1.26;9.462;0.1;0;0.2;-0.074;-0.324;0.272;42.847;42.847;42.847;0.275;;1.47;12.041;0.1;0;0.2;-0.074;-0.324;0.262;46.914;46.914;46.914;0.329;;1.68;14.854;0.1;0;0.2;-0.074;-0.324;0.254;50.806;50.806;50.806;0.386;;1.89;17.891;0.1;0;0.2;-0.074;-0.324;0.247;54.527;54.527;54.527;0.445;;2.1;21.141;0.1;0;0.2;-0.074;-0.324;0.241;58.082;58.082;58.082;0.505;;2.31;24.596;0.1;0;0.2;-0.074;-0.324;0.237;61.474;61.474;61.474;0.566;;2.52;28.246;0.1;0;0.2;-0.074;-0.324;0.233;64.711;64.711;64.711;0.627;;2.73;32.081;0.1;0;0.2;-0.074;-0.324;0.23;67.796;67.796;67.796;0.688;;2.94;36.094;0.1;0;0.2;-0.074;-0.324;0.227;70.735;70.735;70.735;0.749;;3.15;40.275;0.1;0;0.2;-0.074;-0.324;0.224;73.533;73.533;73.533;0.809;;3.36;44.617;0.1;0;0.2;-0.074;-0.324;0.222;76.196;76.196;76.196;0.869;;3.57;49.111;0.1;0;0.2;-0.074;-0.324;0.22;78.73;78.73;78.73;0.928;;3.78;53.751;0.1;0;0.2;-0.074;-0.324;0.218;81.138;81.138;81.138;0.985;;3.99;58.529;0.1;0;0.197;-0.075;-0.306;0.215;83.426;83.426;83.426;1.024;;4.2;63.438;0.104;-0.822;0.156;-0.091;-0.04;0.21;85.607;85.607;85.608;0.807;;4.41;68.473;0.104;0;0.182;-0.081;-0.208;0.21;87.68;87.68;87.681;1.026;;4.62;73.626;0.128;-0.642;0.15;-0.093;-0.003;0.207;89.626;89.626;89.627;0.842;;4.83;78.891;0.111;-1.611;0.142;-0.096;0.055;0.207;91.524;91.524;91.532;0.811;;5.04;84.266;0.1;0;0.165;-0.087;-0.094;0.205;93.305;93.305;93.309;1.024;;5.25;89.741;0.15;-0.371;0.146;-0.095;0.025;0.205;94.933;94.933;94.936;0.911;;5.46;95.309;0.177;-0.796;0.144;-0.095;0.036;0.204;96.507;96.507;96.507;0.926;;5.67;100.969;0.167;-1.028;0.146;-0.095;0.025;0.203;98.041;98.041;98.042;0.97;;5.88;106.717;0.139;-1.098;0.147;-0.094;0.022;0.202;99.521;99.521;99.523;1.004;;6.09;112.55;0.107;-1.034;0.147;-0.094;0.021;0.201;100.928;100.928;100.93;1.035;;6.3;118.464;0.124;0.064;0.142;-0.096;0.05;0.201;102.189;102.189;102.201;1.019;;6.51;124.446;0.219;0.144;0.144;-0.096;0.04;0.2;103.291;103.291;103.305;1.055;;6.72;130.492;0.33;0.546;0.148;-0.094;0.011;0.199;104.312;104.312;104.339;1.121;;6.93;136.595;0.485;1.067;0.148;-0.094;0.011;0.199;105.214;105.214;105.267;1.141;;7.14;142.748;0.701;1.657;0.148;-0.094;0.011;0.199;105.984;105.984;106.077;1.158;;7.35;148.943;0.984;2.32;0.149;-0.094;0.009;0.198;106.613;106.613;106.766;1.176;;7.56;155.172;1.344;3.05;0.149;-0.094;0.008;0.198;107.098;107.098;107.332;1.191;;7.77;161.427;1.786;3.835;0.149;-0.093;0.006;0.198;107.431;107.431;107.774;1.203;;7.98;167.698;2.318;4.665;0.149;-0.093;0.005;0.198;107.612;107.612;108.092;1.213;;8.19;173.976;2.943;5.531;0.149;-0.093;0.003;0.197;107.64;107.64;108.286;1.219;;8.4;180.254;3.664;6.425;0.15;-0.093;0.002;0.197;107.517;107.517;108.36;1.223;;8.61;186.521;4.484;7.337;0.15;-0.093;0.001;0.197;107.247;107.247;108.317;1.224;;8.82;192.769;5.404;8.259;0.15;-0.093;0;0.197;106.836;106.836;108.162;1.222;;9.03;198.992;6.421;9.183;0.15;-0.093;-0.001;0.198;106.292;106.292;107.9;1.218;;9.24;205.179;7.536;10.101;0.15;-0.093;-0.002;0.198;105.625;105.625;107.536;1.212;;9.45;211.326;8.744;11.005;0.151;-0.093;-0.003;0.198;104.846;104.846;107.078;1.203;;9.66;217.425;10.042;11.889;0.151;-0.093;-0.004;0.198;103.967;103.967;106.534;1.192;;9.87;223.472;11.426;12.746;0.151;-0.093;-0.005;0.198;103.001;103.001;105.909;1.18;;10.08;229.46;12.89;13.57;0.151;-0.093;-0.006;0.199;101.963;101.963;105.214;1.166;;10.29;235.387;14.427;14.355;0.151;-0.093;-0.007;0.199;100.867;100.867;104.456;1.151;;10.5;241.249;16.032;15.095;0.151;-0.093;-0.008;0.199;99.727;99.727;103.643;1.134;;10.71;247.044;17.697;15.786;0.151;-0.093;-0.009;0.2;98.557;98.557;102.785;1.117;;10.92;252.77;19.416;16.423;0.151;-0.093;-0.01;0.2;97.373;97.373;101.89;1.098;;11.13;258.427;21.18;17.002;0.152;-0.092;-0.01;0.201;96.187;96.187;100.968;1.08;;11.34;264.015;22.983;17.519;0.152;-0.092;-0.011;0.201;95.012;95.012;100.026;1.061;;11.55;269.535;24.816;17.97;0.152;-0.092;-0.012;0.202;93.862;93.862;99.074;1.041;;11.76;274.988;26.672;18.353;0.152;-0.092;-0.012;0.202;92.747;92.747;98.12;1.022;;11.97;280.377;28.545;18.666;0.152;-0.092;-0.013;0.203;91.678;91.678;97.172;1.003;;12.18;285.705;30.426;18.905;0.152;-0.092;-0.013;0.203;90.664;90.664;96.239;0.985;;12.39;290.975;32.308;19.071;0.152;-0.092;-0.014;0.204;89.714;89.714;95.329;0.967;;12.6;296.191;34.186;19.162;0.152;-0.092;-0.014;0.204;88.836;88.836;94.449;0.949;;12.81;301.357;36.053;19.178;0.152;-0.092;-0.014;0.205;88.035;88.035;93.607;0.933;;13.02;306.478;37.902;19.118;0.152;-0.092;-0.014;0.205;87.318;87.318;92.81;0.917;;13.23;311.559;39.728;18.984;0.152;-0.092;-0.014;0.206;86.688;86.688;92.063;0.902;;13.44;316.605;41.526;18.778;0.152;-0.092;-0.014;0.206;86.149;86.149;91.374;0.888;;13.65;321.621;43.291;18.501;0.152;-0.092;-0.014;0.207;85.703;85.703;90.747;0.876;;13.86;326.613;45.018;18.155;0.152;-0.092;-0.013;0.207;85.352;85.352;90.189;0.864;;14.07;331.587;46.703;17.746;0.152;-0.092;-0.012;0.207;85.096;85.096;89.703;0.854;;14.28;336.547;48.343;17.277;0.152;-0.092;-0.011;0.208;84.936;84.936;89.294;0.845;;14.49;341.5;49.934;16.752;0.152;-0.093;-0.01;0.208;84.869;84.869;88.964;0.838;;14.7;346.451;51.472;16.178;0.151;-0.093;-0.009;0.208;84.893;84.893;88.717;0.832;;14.91;351.405;52.957;15.562;0.151;-0.093;-0.007;0.208;85.007;85.007;88.553;0.827;;15.12;356.367;54.385;14.909;0.151;-0.093;-0.006;0.208;85.207;85.207;88.475;0.824;;15.33;361.343;55.755;14.228;0.151;-0.093;-0.004;0.208;85.489;85.489;88.481;0.822;;15.54;366.336;57.066;13.526;0.15;-0.093;-0.002;0.208;85.848;85.848;88.571;0.822;;15.75;371.352;58.317;12.811;0.15;-0.093;0;0.208;86.279;86.279;88.743;0.823;;15.96;376.394;59.509;12.093;0.15;-0.093;0.002;0.208;86.776;86.776;88.994;0.826;;16.17;381.467;60.641;11.379;0.149;-0.093;0.003;0.208;87.334;87.334;89.321;0.83;;16.38;386.573;61.715;10.677;0.149;-0.093;0.005;0.208;87.945;87.945;89.719;0.835;;16.59;391.716;62.732;9.997;0.149;-0.094;0.006;0.207;88.605;88.605;90.183;0.842;;16.8;396.898;63.694;9.345;0.149;-0.094;0.008;0.207;89.305;89.305;90.706;0.851;;17.01;402.122;64.603;8.728;0.149;-0.094;0.009;0.207;90.038;90.038;91.282;0.86;;17.22;407.388;65.463;8.154;0.148;-0.094;0.01;0.206;90.798;90.798;91.904;0.871;;17.43;412.7;66.278;7.628;0.148;-0.094;0.011;0.206;91.577;91.577;92.564;0.882;;17.64;418.057;67.052;7.154;0.148;-0.094;0.011;0.205;92.368;92.368;93.253;0.895;;17.85;423.461;67.788;6.738;0.148;-0.094;0.012;0.205;93.163;93.163;93.964;0.908;;18.06;428.911;68.492;6.381;0.148;-0.094;0.012;0.205;93.956;93.956;94.688;0.922;;18.27;434.407;69.17;6.087;0.148;-0.094;0.012;0.204;94.738;94.738;95.417;0.936;;18.48;439.948;69.826;5.856;0.148;-0.094;0.012;0.204;95.504;95.504;96.142;0.951;;18.69;445.534;70.467;5.689;0.148;-0.094;0.011;0.203;96.245;96.245;96.856;0.965;;18.9;451.162;71.098;5.585;0.148;-0.094;0.011;0.203;96.956;96.956;97.552;0.98;;19.11;456.831;71.725;5.545;0.148;-0.094;0.01;0.203;97.63;97.63;98.221;0.994;;19.32;462.539;72.355;5.564;0.148;-0.094;0.01;0.202;98.26;98.26;98.859;1.007;;19.53;468.282;72.992;5.643;0.149;-0.094;0.009;0.202;98.841;98.841;99.458;1.021;;19.74;474.058;73.642;5.776;0.149;-0.094;0.009;0.202;99.367;99.367;100.014;1.033;;19.95;479.864;74.312;5.962;0.149;-0.094;0.008;0.201;99.835;99.835;100.522;1.044;;20.16;485.696;75.005;6.195;0.149;-0.094;0.007;0.201;100.239;100.239;100.978;1.055;;20.37;491.55;75.726;6.473;0.149;-0.093;0.006;0.201;100.577;100.577;101.379;1.065;;20.58;497.423;76.48;6.791;0.149;-0.093;0.005;0.201;100.846;100.846;101.723;1.073;;20.79;503.309;77.27;7.144;0.149;-0.093;0.005;0.2;101.044;101.044;102.007;1.08;;21;509.206;78.099;7.528;0.149;-0.093;0.004;0.2;101.17;101.17;102.231;1.086;;21.21;515.109;78.97;7.938;0.15;-0.093;0.003;0.2;101.224;101.224;102.393;1.091;;21.42;521.014;79.885;8.369;0.15;-0.093;0.002;0.2;101.206;101.206;102.496;1.094;;21.63;526.916;80.846;8.817;0.15;-0.093;0.002;0.2;101.118;101.118;102.538;1.096;;21.84;532.812;81.853;9.276;0.15;-0.093;0.001;0.2;100.963;100.963;102.521;1.097;;22.05;538.698;82.907;9.743;0.15;-0.093;0;0.2;100.744;100.744;102.448;1.096;;22.26;544.569;84.009;10.212;0.15;-0.093;0;0.2;100.463;100.463;102.321;1.094;;22.47;550.423;85.156;10.68;0.15;-0.093;-0.001;0.2;100.126;100.126;102.142;1.091;;22.68;556.257;86.349;11.142;0.15;-0.093;-0.002;0.2;99.738;99.738;101.914;1.088;;22.89;562.066;87.585;11.594;0.15;-0.093;-0.002;0.201;99.305;99.305;101.642;1.083;;23.1;567.85;88.863;12.032;0.15;-0.093;-0.003;0.201;98.831;98.831;101.329;1.077;;23.31;573.606;90.18;12.453;0.151;-0.093;-0.004;0.201;98.323;98.323;100.978;1.07;;23.52;579.331;91.534;12.853;0.151;-0.093;-0.004;0.201;97.788;97.788;100.595;1.063;;23.73;585.024;92.921;13.23;0.151;-0.093;-0.005;0.201;97.232;97.232;100.184;1.055;;23.94;590.685;94.339;13.58;0.151;-0.093;-0.005;0.202;96.661;96.661;99.749;1.046;;24.15;596.312;95.784;13.9;0.151;-0.093;-0.005;0.202;96.083;96.083;99.294;1.037;;24.36;601.906;97.252;14.19;0.151;-0.093;-0.006;0.202;95.503;95.503;98.826;1.028;;24.57;607.466;98.741;14.445;0.151;-0.093;-0.006;0.202;94.928;94.928;98.348;1.019;;;;;;;;;;;;;;;;;;;;;;;;;;;;;;;;;;;;;;;;;;;;;;;;;;;;;;;;;;;;;;;;;;;;;;;;;;;;;;;;;;;;;;;;;;;;;;;;;;;;;;;;;;;;;;;;;;;;;;;;;;;;;;;;;;;;;;;;;;;;;;;;;;;;;;;;;;;;;;;;;;;;;;;;;;;;;;;;;;;;;;;;;;;;;;;;;;;;;;;;;;;;;;;;;;;;;;;;;;;;;;;;;;;;;;;;;;;;;;;;;;;;;;;;;;;;;;;;;;;;;;;;;;;;;;;;;;;;;;;;;;;;;;;;;;;;;;;;;;;;;;;;;;;;;;;;;;;;;;;;;;;;;;;;;;;;;;;;;;;;;;;;;;;;;;;;;;;;;;;;;;;;;;;;;;;;;;;;;;;;;;;;;;;;;;;;;;;;;;;;;;;;;;;;;;;;;;;;;;;;;;;;;;;;;;;;;;;;;;;;;;;;;;;;;;;;;;;;;;;;;;;;;;;;;;;;;;;;;;;;;;;;;;;;;;;;;;;;;;;;;;;;;;;;;;;;;;;;;;;;;;;;;;;;;;;;;;;;;;;;;;;;;;;;;;;;;;;;;;;;;;;;;;;;;;;;;;;;;;;;;;;;;;;;;;;;;;;;;;;;;;;;;;;;;;;;;;;;;;;;;;;;;;;;;;;;;;;;;;;;;;;;;;;;;;;;;;;;;;;;;;;;;;;;;;;;;;;;;;;;;;;;;;;;;;;;;;;;;;;;;;;;;;;;;;;;;;;;;;;;;;;;;;;;;;;;;;;;;;;;;;;;;;;;;;;;;;;;;;;;;;;;;;;;;;;;;;;;;;;;;;;;;;;;;;;;;;;;;;;;;;;;;;;;;;;;;;;;;;;;;;;;;;;;;;;;;;;;;;;;;;;;;;;;;;;;;;;;;;;;;;;;;;;;;;;;;;;;;;;;;;;;;;;;;;;;;;;;;;;;;;;;;;;;;;;;;;;;;;;;;;;;;;;;;;;;;;;;;;;;;;;;;;;;;;;;;;;;;;;;;;;;;;;;;;;;;;;;;;;;;;;;;;;;;;;;;;;;;;;;;;;;;;;;;;;;;;;;;;;;;;;;;;;;;;;;;;;;;;;;;;;;;;;;;;;;;;;;;;;;;;;;;;;;;;;;;;;;;;;;;
18;1000;;70;;0.2;4.5;70;0.8;180;


**********************
*                                        *
*       Modèle exemple       *
*                                        *
**********************

*****************************************************

Commentaire enregistré avec les données modèles, 30 lignes max.

*****************************************************
